          41
  -1.0000000000000000     
 -0.98091284277190105     
 -0.97652509342467975     
 -0.97111355166310376     
 -0.96443125496817517     
 -0.95616722297440992     
 -0.94592731489516912     
 -0.93320782398835245     
 -0.91735806080927929     
 -0.89752552981832301     
 -0.87257215629514262     
 -0.84093925047138174     
 -0.80041420022070686     
 -0.74768810575969968     
 -0.67739977995909062     
 -0.57961187808574166     
 -0.43024100874444710     
 -0.32268075655833534     
 -0.21512050437222355     
 -0.10756025218611177     
   0.0000000000000000     
  0.10756025218611177     
  0.21512050437222355     
  0.32268075655833534     
  0.43024100874444710     
  0.57961187808574166     
  0.67739977995909062     
  0.74768810575969968     
  0.80041420022070686     
  0.84093925047138174     
  0.87257215629514262     
  0.89752552981832301     
  0.91735806080927929     
  0.93320782398835245     
  0.94592731489516912     
  0.95616722297440992     
  0.96443125496817517     
  0.97111355166310376     
  0.97652509342467975     
  0.98091284277190105     
   1.0000000000000000     
  
  -1.0000000000000000     
 -0.98278603266577524     
 -0.97883359326434305     
 -0.97396141749530718     
 -0.96794898792792117     
 -0.96051937379311725     
 -0.95132279434352751     
 -0.93991420377718238     
 -0.92572197573592507     
 -0.90800282248896580     
 -0.88577442274997842     
 -0.85770986143163874     
 -0.82196188488127475     
 -0.77584596048775123     
 -0.71520259897721838     
 -0.63289230083861825     
 -0.51418374664108479     
 -0.37646088265139122     
 -0.26890063046527946     
 -0.16134037827916767     
 -5.37801260930558869E-002
  5.37801260930558869E-002
  0.16134037827916767     
  0.26890063046527946     
  0.37646088265139122     
  0.51418374664108479     
  0.63289230083861825     
  0.71520259897721838     
  0.77584596048775123     
  0.82196188488127475     
  0.85770986143163874     
  0.88577442274997842     
  0.90800282248896580     
  0.92572197573592507     
  0.93991420377718238     
  0.95132279434352751     
  0.96051937379311725     
  0.96794898792792117     
  0.97396141749530718     
  0.97883359326434305     
  0.98278603266577524     
   1.0000000000000000     
