          16
  0.196349540849375     
  0.589048622548125     
  0.981747704246875     
   1.37444678594562     
   1.76714586764437     
   2.15984494934312     
   2.55254403104187     
   2.94524311274062     
   3.33794219443937     
   3.73064127613812     
   4.12334035783687     
   4.51603943953562     
   4.90873852123438     
   5.30143760293313     
   5.69413668463188     
   6.08683576633063     
  
  0.392699081698750     
  0.785398163397500     
   1.17809724509625     
   1.57079632679500     
   1.96349540849375     
   2.35619449019250     
   2.74889357189125     
   3.14159265359000     
   3.53429173528875     
   3.92699081698750     
   4.31968989868625     
   4.71238898038500     
   5.10508806208375     
   5.49778714378250     
   5.89048622548125     
   6.28318539460257     
