         121
   1130538966952.40     
   1130765044348.82     
   1130991144349.95     
   1131217244351.08     
   1131443344352.21     
   1131669494348.35     
   1131895694349.47     
   1132121994340.61     
   1132348394341.74     
   1132574744347.87     
   1132801144339.01     
   1133027644340.14     
   1133254194336.27     
   1133480794337.40     
   1133707444333.54     
   1133934094339.67     
   1134160794330.80     
   1135181487138.03     
   1136998236559.38     
   1138817985901.74     
   1140640685364.98     
   1142466234789.16     
   1144294734174.29     
   1146126233560.38     
   1147960583067.33     
   1149797882375.32     
   1151638131884.15     
   1153481331194.02     
   1155327480704.74     
   1157176580016.50     
   1159028629529.10     
   1167399515300.68     
   1182430757783.59     
   1197655595911.58     
   1213076480694.30     
   1228695861222.36     
   1244516387230.12     
   1260540609729.30     
   1276771127493.70     
   1293210690899.45     
   1309861950320.59     
   1326727555491.51     
   1343810256148.63     
   1361112902030.41     
   1378638442877.36     
   1460338031305.40     
   1617719305072.36     
   1792061620154.97     
   1985192871434.51     
   2199138015586.93     
   2436140111682.75     
   2698684006149.87     
   2989522390161.47     
   3311704575919.25     
   3668608436170.06     
   4063976016422.00     
   4501952546493.79     
   4987129954266.45     
   5524595179173.60     
   6119983293406.67     
   6779536620738.88     
   7510170253492.15     
   8319544653204.23     
   9216145718732.86     
   10209373921629.2     
   11309642650704.1     
   12528487804002.9     
   13878688445791.1     
   15374400972167.8     
   17031307414439.0     
   18866778988348.6     
   20900059976685.4     
   23152468480565.2     
   25647620047244.1     
   28411675431759.4     
   31473614662891.2     
   34865540249499.5     
   38623015023125.1     
   42785434960949.7     
   47396440394274.4     
   52504375484651.3     
   58162795558093.8     
   64431026032334.9     
   71374786187515.2     
   79066878789957.4     
   87587951634017.2     
   97027342383146.3     
   107484021954818.     
   119067625846898.     
   131899599625191.     
   146114477485201.     
   161861298480247.     
   179305162278134.     
   198628958497961.     
   220035292439421.     
   243748594917294.     
   270017485495197.     
   299117387725497.     
   331353403051015.     
   367063507971340.     
   406622107811194.     
   450443953805801.     
   498988499595760.     
   552764713204677.     
   612336411745732.     
   678328176518738.     
   751431906754702.     
   832414058632410.     
   922123694843912.     
  1.021501383737345E+015
  1.131589046120194E+015
  1.253540875654647E+015
  1.388635538000400E+015
  1.538289436548922E+015
  1.704071560119469E+015
  1.887720131727095E+015
  2.091160586080112E+015
  2.316525871997000E+015
  2.566178898531328E+015
  2.842737137900724E+015
  3.149100168512531E+015
