         120
   1130652000000.00     
   1130878100000.00     
   1131104200000.00     
   1131330300000.00     
   1131556400000.00     
   1131782600000.00     
   1132008800000.00     
   1132235200000.00     
   1132461600000.00     
   1132687900000.00     
   1132914400000.00     
   1133140900000.00     
   1133367500000.00     
   1133594100000.00     
   1133820800000.00     
   1134047400000.00     
   1134274200000.00     
   1136089500000.00     
   1137907700000.00     
   1139729000000.00     
   1141553100000.00     
   1143380100000.00     
   1145210100000.00     
   1147043100000.00     
   1148878800000.00     
   1150717700000.00     
   1152559300000.00     
   1154404100000.00     
   1156251600000.00     
   1158102300000.00     
   1159955700000.00     
   1174891100000.00     
   1190018800000.00     
   1205341400000.00     
   1220861200000.00     
   1236580800000.00     
   1252502900000.00     
   1268629900000.00     
   1284964600000.00     
   1301509700000.00     
   1318267800000.00     
   1335241600000.00     
   1352433900000.00     
   1369847600000.00     
   1387485700000.00     
   1537015600000.00     
   1702660500000.00     
   1886156900000.00     
   2089428900000.00     
   2314607600000.00     
   2564053900000.00     
   2840383100000.00     
   3146492500000.00     
   3485591400000.00     
   3861235100000.00     
   4277362200000.00     
   4738335400000.00     
   5248987900000.00     
   5814673700000.00     
   6441323700000.00     
   7135508000000.00     
   7904504800000.00     
   8756376900000.00     
   9700055500000.00     
   10745435000000.0     
   11903475000000.0     
   13186318000000.0     
   14607413000000.0     
   16181661000000.0     
   17925566000000.0     
   19857412000000.0     
   21997454000000.0     
   24368129000000.0     
   26994293000000.0     
   29903480000000.0     
   33126192000000.0     
   36696216000000.0     
   40650984000000.0     
   45031959000000.0     
   49885073000000.0     
   55261209000000.0     
   61216735000000.0     
   67814089000000.0     
   75122444000000.0     
   83218423000000.0     
   92186910000000.0     
   102121930000000.     
   113127660000000.     
   125319480000000.     
   138825220000000.     
   153786470000000.     
   170360110000000.     
   188719890000000.     
   209058320000000.     
   231588630000000.     
   256547040000000.     
   284195220000000.     
   314823070000000.     
   348751690000000.     
   386336820000000.     
   427972510000000.     
   474095300000000.     
   525188760000000.     
   581788590000000.     
   644488200000000.     
   713944980000000.     
   790887150000000.     
   876121410000000.     
   970541410000000.     
  1.075137100000000E+015
  1.191005100000000E+015
  1.319360200000000E+015
  1.461548300000000E+015
  1.619060000000000E+015
  1.793546800000000E+015
  1.986838200000000E+015
  2.200960600000000E+015
  2.438159100000000E+015
  2.700920600000000E+015
  2.992000000000000E+015
  
   1130538966952.40     
   1130765044348.82     
   1130991144349.95     
   1131217244351.08     
   1131443344352.21     
   1131669494348.35     
   1131895694349.47     
   1132121994340.61     
   1132348394341.74     
   1132574744347.87     
   1132801144339.01     
   1133027644340.14     
   1133254194336.27     
   1133480794337.40     
   1133707444333.54     
   1133934094339.67     
   1134160794330.80     
   1135181487138.03     
   1136998236559.38     
   1138817985901.74     
   1140640685364.98     
   1142466234789.16     
   1144294734174.29     
   1146126233560.38     
   1147960583067.33     
   1149797882375.32     
   1151638131884.15     
   1153481331194.02     
   1155327480704.74     
   1157176580016.50     
   1159028629529.10     
   1167399515300.68     
   1182430757783.59     
   1197655595911.58     
   1213076480694.30     
   1228695861222.36     
   1244516387230.12     
   1260540609729.30     
   1276771127493.70     
   1293210690899.45     
   1309861950320.59     
   1326727555491.51     
   1343810256148.63     
   1361112902030.41     
   1378638442877.36     
   1460338031305.40     
   1617719305072.36     
   1792061620154.97     
   1985192871434.51     
   2199138015586.93     
   2436140111682.75     
   2698684006149.87     
   2989522390161.47     
   3311704575919.25     
   3668608436170.06     
   4063976016422.00     
   4501952546493.79     
   4987129954266.45     
   5524595179173.60     
   6119983293406.67     
   6779536620738.88     
   7510170253492.15     
   8319544653204.23     
   9216145718732.86     
   10209373921629.2     
   11309642650704.1     
   12528487804002.9     
   13878688445791.1     
   15374400972167.8     
   17031307414439.0     
   18866778988348.6     
   20900059976685.4     
   23152468480565.2     
   25647620047244.1     
   28411675431759.4     
   31473614662891.2     
   34865540249499.5     
   38623015023125.1     
   42785434960949.7     
   47396440394274.4     
   52504375484651.3     
   58162795558093.8     
   64431026032334.9     
   71374786187515.2     
   79066878789957.4     
   87587951634017.2     
   97027342383146.3     
   107484021954818.     
   119067625846898.     
   131899599625191.     
   146114477485201.     
   161861298480247.     
   179305162278134.     
   198628958497961.     
   220035292439421.     
   243748594917294.     
   270017485495197.     
   299117387725497.     
   331353403051015.     
   367063507971340.     
   406622107811194.     
   450443953805801.     
   498988499595760.     
   552764713204677.     
   612336411745732.     
   678328176518738.     
   751431906754702.     
   832414058632410.     
   922123694843912.     
  1.021501383737345E+015
  1.131589046120194E+015
  1.253540875654647E+015
  1.388635538000400E+015
  1.538289436548922E+015
  1.704071560119469E+015
  1.887720131727095E+015
  2.091160586080112E+015
  2.316525871997000E+015
  2.566178898531328E+015
  2.842737137900724E+015
  3.149100168512531E+015
