         401
  0.000000000000000E+000
  0.218765530000000     
  0.342137195000000     
  0.465508865000000     
  0.588880530000000     
  0.712252195000000     
  0.835623865000000     
  0.958995550000000     
   1.08236720000000     
   1.20573885000000     
   1.32911055000000     
   1.39127130000000     
   1.39222115000000     
   1.39317105000000     
   1.39412090000000     
   1.39507075000000     
   1.39602065000000     
   1.39697050000000     
   1.39792035000000     
   1.39887025000000     
   1.39982010000000     
   1.40076995000000     
   1.40171985000000     
   1.40266970000000     
   1.40361955000000     
   1.40456945000000     
   1.40551935000000     
   1.40646920000000     
   1.40741905000000     
   1.40836895000000     
   1.40931880000000     
   1.41026865000000     
   1.41121855000000     
   1.41216840000000     
   1.41311825000000     
   1.41406815000000     
   1.41501800000000     
   1.41596785000000     
   1.41691775000000     
   1.41786760000000     
   1.41881745000000     
   1.41976735000000     
   1.42071720000000     
   1.42166705000000     
   1.42261695000000     
   1.42356680000000     
   1.42451665000000     
   1.42546655000000     
   1.42641645000000     
   1.42736630000000     
   1.42831615000000     
   1.42926605000000     
   1.43021590000000     
   1.43116575000000     
   1.43211565000000     
   1.43306550000000     
   1.43401535000000     
   1.43496525000000     
   1.43591510000000     
   1.43686495000000     
   1.43781485000000     
   1.43876470000000     
   1.43971455000000     
   1.44066445000000     
   1.44161430000000     
   1.44256415000000     
   1.44351405000000     
   1.44446390000000     
   1.44541375000000     
   1.44636365000000     
   1.44731355000000     
   1.44826340000000     
   1.44921325000000     
   1.45016315000000     
   1.45111300000000     
   1.45206285000000     
   1.45301275000000     
   1.45396260000000     
   1.45491245000000     
   1.45586235000000     
   1.45681220000000     
   1.45776205000000     
   1.45871195000000     
   1.45966180000000     
   1.46061165000000     
   1.46156155000000     
   1.46251140000000     
   1.46346125000000     
   1.46441115000000     
   1.46536100000000     
   1.46631085000000     
   1.46726075000000     
   1.46821060000000     
   1.46916045000000     
   1.47011035000000     
   1.47106025000000     
   1.47201010000000     
   1.47295995000000     
   1.47390985000000     
   1.47485970000000     
   1.47580955000000     
   1.47675945000000     
   1.47770930000000     
   1.47865915000000     
   1.47960905000000     
   1.48055890000000     
   1.48150875000000     
   1.48245865000000     
   1.48340850000000     
   1.48435835000000     
   1.48530825000000     
   1.48625810000000     
   1.48720795000000     
   1.48815785000000     
   1.48910770000000     
   1.49005755000000     
   1.49100745000000     
   1.49195735000000     
   1.49290720000000     
   1.49385705000000     
   1.49480695000000     
   1.49575680000000     
   1.49670665000000     
   1.49765655000000     
   1.49860640000000     
   1.49955625000000     
   1.50050615000000     
   1.50145600000000     
   1.50240585000000     
   1.50335575000000     
   1.50430560000000     
   1.50525545000000     
   1.50620535000000     
   1.50715520000000     
   1.50810505000000     
   1.50905495000000     
   1.51000480000000     
   1.51095465000000     
   1.51190455000000     
   1.51285440000000     
   1.51380425000000     
   1.51475415000000     
   1.51570405000000     
   1.51665390000000     
   1.51760375000000     
   1.51855365000000     
   1.51950350000000     
   1.52045335000000     
   1.52140325000000     
   1.52235310000000     
   1.52330295000000     
   1.52425285000000     
   1.52520270000000     
   1.52615255000000     
   1.52710245000000     
   1.52805230000000     
   1.52900215000000     
   1.52995205000000     
   1.53090190000000     
   1.53185175000000     
   1.53280165000000     
   1.53375150000000     
   1.53470135000000     
   1.53565125000000     
   1.53660115000000     
   1.53755100000000     
   1.53850085000000     
   1.53945075000000     
   1.54040060000000     
   1.54135045000000     
   1.54230035000000     
   1.54325020000000     
   1.54420005000000     
   1.54514995000000     
   1.54609980000000     
   1.54704965000000     
   1.54799955000000     
   1.54894940000000     
   1.54989925000000     
   1.55084915000000     
   1.55179900000000     
   1.55274885000000     
   1.55369875000000     
   1.55464860000000     
   1.55559845000000     
   1.55654835000000     
   1.55749825000000     
   1.55844810000000     
   1.55939795000000     
   1.56034785000000     
   1.56129770000000     
   1.56224755000000     
   1.56319745000000     
   1.56414730000000     
   1.56509715000000     
   1.56604705000000     
   1.56699690000000     
   1.56794675000000     
   1.56889665000000     
   1.56984650000000     
   1.57079632679500     
   1.57174615359000     
   1.57269600359000     
   1.57364590359000     
   1.57459575359000     
   1.57554560359000     
   1.57649550359000     
   1.57744535359000     
   1.57839520359000     
   1.57934510359000     
   1.58029495359000     
   1.58124480359000     
   1.58219470359000     
   1.58314455359000     
   1.58409440359000     
   1.58504430359000     
   1.58599420359000     
   1.58694405359000     
   1.58789390359000     
   1.58884380359000     
   1.58979365359000     
   1.59074350359000     
   1.59169340359000     
   1.59264325359000     
   1.59359310359000     
   1.59454300359000     
   1.59549285359000     
   1.59644270359000     
   1.59739260359000     
   1.59834245359000     
   1.59929230359000     
   1.60024220359000     
   1.60119205359000     
   1.60214190359000     
   1.60309180359000     
   1.60404165359000     
   1.60499150359000     
   1.60594140359000     
   1.60689130359000     
   1.60784115359000     
   1.60879100359000     
   1.60974090359000     
   1.61069075359000     
   1.61164060359000     
   1.61259050359000     
   1.61354035359000     
   1.61449020359000     
   1.61544010359000     
   1.61638995359000     
   1.61733980359000     
   1.61828970359000     
   1.61923955359000     
   1.62018940359000     
   1.62113930359000     
   1.62208915359000     
   1.62303900359000     
   1.62398890359000     
   1.62493875359000     
   1.62588860359000     
   1.62683850359000     
   1.62778840359000     
   1.62873825359000     
   1.62968810359000     
   1.63063800359000     
   1.63158785359000     
   1.63253770359000     
   1.63348760359000     
   1.63443745359000     
   1.63538730359000     
   1.63633720359000     
   1.63728705359000     
   1.63823690359000     
   1.63918680359000     
   1.64013665359000     
   1.64108650359000     
   1.64203640359000     
   1.64298625359000     
   1.64393610359000     
   1.64488600359000     
   1.64583585359000     
   1.64678570359000     
   1.64773560359000     
   1.64868545359000     
   1.64963530359000     
   1.65058520359000     
   1.65153510359000     
   1.65248495359000     
   1.65343480359000     
   1.65438470359000     
   1.65533455359000     
   1.65628440359000     
   1.65723430359000     
   1.65818415359000     
   1.65913400359000     
   1.66008390359000     
   1.66103375359000     
   1.66198360359000     
   1.66293350359000     
   1.66388335359000     
   1.66483320359000     
   1.66578310359000     
   1.66673295359000     
   1.66768280359000     
   1.66863270359000     
   1.66958255359000     
   1.67053240359000     
   1.67148230359000     
   1.67243220359000     
   1.67338205359000     
   1.67433190359000     
   1.67528180359000     
   1.67623165359000     
   1.67718150359000     
   1.67813140359000     
   1.67908125359000     
   1.68003110359000     
   1.68098100359000     
   1.68193085359000     
   1.68288070359000     
   1.68383060359000     
   1.68478045359000     
   1.68573030359000     
   1.68668020359000     
   1.68763005359000     
   1.68857990359000     
   1.68952980359000     
   1.69047965359000     
   1.69142950359000     
   1.69237940359000     
   1.69332925359000     
   1.69427910359000     
   1.69522900359000     
   1.69617890359000     
   1.69712875359000     
   1.69807860359000     
   1.69902850359000     
   1.69997835359000     
   1.70092820359000     
   1.70187810359000     
   1.70282795359000     
   1.70377780359000     
   1.70472770359000     
   1.70567755359000     
   1.70662740359000     
   1.70757730359000     
   1.70852715359000     
   1.70947700359000     
   1.71042690359000     
   1.71137675359000     
   1.71232660359000     
   1.71327650359000     
   1.71422635359000     
   1.71517620359000     
   1.71612610359000     
   1.71707600359000     
   1.71802585359000     
   1.71897570359000     
   1.71992560359000     
   1.72087545359000     
   1.72182530359000     
   1.72277520359000     
   1.72372505359000     
   1.72467490359000     
   1.72562480359000     
   1.72657465359000     
   1.72752450359000     
   1.72847440359000     
   1.72942425359000     
   1.73037410359000     
   1.73132400359000     
   1.73227385359000     
   1.73322370359000     
   1.73417360359000     
   1.73512345359000     
   1.73607330359000     
   1.73702320359000     
   1.73797310359000     
   1.73892295359000     
   1.73987280359000     
   1.74082270359000     
   1.74177255359000     
   1.74272240359000     
   1.74367230359000     
   1.74462215359000     
   1.74557200359000     
   1.74652190359000     
   1.74747175359000     
   1.74842160359000     
   1.74937150359000     
   1.75032135359000     
   1.81248210359000     
   1.93585380359000     
   2.05922545359000     
   2.18259710359000     
   2.30596878859000     
   2.42934045859000     
   2.55271212359000     
   2.67608378859000     
   2.79945545859000     
   2.92282712359000     
   3.14159250259399     
