         200           1
  0.157079700000000     
  0.280451360000000     
  0.403823030000000     
  0.527194700000000     
  0.650566360000000     
  0.773938030000000     
  0.897309700000000     
   1.02068140000000     
   1.14405300000000     
   1.26742470000000     
   1.39079640000000     
   1.39174620000000     
   1.39269610000000     
   1.39364600000000     
   1.39459580000000     
   1.39554570000000     
   1.39649560000000     
   1.39744540000000     
   1.39839530000000     
   1.39934520000000     
   1.40029500000000     
   1.40124490000000     
   1.40219480000000     
   1.40314460000000     
   1.40409450000000     
   1.40504440000000     
   1.40599430000000     
   1.40694410000000     
   1.40789400000000     
   1.40884390000000     
   1.40979370000000     
   1.41074360000000     
   1.41169350000000     
   1.41264330000000     
   1.41359320000000     
   1.41454310000000     
   1.41549290000000     
   1.41644280000000     
   1.41739270000000     
   1.41834250000000     
   1.41929240000000     
   1.42024230000000     
   1.42119210000000     
   1.42214200000000     
   1.42309190000000     
   1.42404170000000     
   1.42499160000000     
   1.42594150000000     
   1.42689140000000     
   1.42784120000000     
   1.42879110000000     
   1.42974100000000     
   1.43069080000000     
   1.43164070000000     
   1.43259060000000     
   1.43354040000000     
   1.43449030000000     
   1.43544020000000     
   1.43639000000000     
   1.43733990000000     
   1.43828980000000     
   1.43923960000000     
   1.44018950000000     
   1.44113940000000     
   1.44208920000000     
   1.44303910000000     
   1.44398900000000     
   1.44493880000000     
   1.44588870000000     
   1.44683860000000     
   1.44778850000000     
   1.44873830000000     
   1.44968820000000     
   1.45063810000000     
   1.45158790000000     
   1.45253780000000     
   1.45348770000000     
   1.45443750000000     
   1.45538740000000     
   1.45633730000000     
   1.45728710000000     
   1.45823700000000     
   1.45918690000000     
   1.46013670000000     
   1.46108660000000     
   1.46203650000000     
   1.46298630000000     
   1.46393620000000     
   1.46488610000000     
   1.46583590000000     
   1.46678580000000     
   1.46773570000000     
   1.46868550000000     
   1.46963540000000     
   1.47058530000000     
   1.47153520000000     
   1.47248500000000     
   1.47343490000000     
   1.47438480000000     
   1.47533460000000     
   1.47628450000000     
   1.47723440000000     
   1.47818420000000     
   1.47913410000000     
   1.48008400000000     
   1.48103380000000     
   1.48198370000000     
   1.48293360000000     
   1.48388340000000     
   1.48483330000000     
   1.48578320000000     
   1.48673300000000     
   1.48768290000000     
   1.48863280000000     
   1.48958260000000     
   1.49053250000000     
   1.49148240000000     
   1.49243230000000     
   1.49338210000000     
   1.49433200000000     
   1.49528190000000     
   1.49623170000000     
   1.49718160000000     
   1.49813150000000     
   1.49908130000000     
   1.50003120000000     
   1.50098110000000     
   1.50193090000000     
   1.50288080000000     
   1.50383070000000     
   1.50478050000000     
   1.50573040000000     
   1.50668030000000     
   1.50763010000000     
   1.50858000000000     
   1.50952990000000     
   1.51047970000000     
   1.51142960000000     
   1.51237950000000     
   1.51332930000000     
   1.51427920000000     
   1.51522910000000     
   1.51617900000000     
   1.51712880000000     
   1.51807870000000     
   1.51902860000000     
   1.51997840000000     
   1.52092830000000     
   1.52187820000000     
   1.52282800000000     
   1.52377790000000     
   1.52472780000000     
   1.52567760000000     
   1.52662750000000     
   1.52757740000000     
   1.52852720000000     
   1.52947710000000     
   1.53042700000000     
   1.53137680000000     
   1.53232670000000     
   1.53327660000000     
   1.53422640000000     
   1.53517630000000     
   1.53612620000000     
   1.53707610000000     
   1.53802590000000     
   1.53897580000000     
   1.53992570000000     
   1.54087550000000     
   1.54182540000000     
   1.54277530000000     
   1.54372510000000     
   1.54467500000000     
   1.54562490000000     
   1.54657470000000     
   1.54752460000000     
   1.54847450000000     
   1.54942430000000     
   1.55037420000000     
   1.55132410000000     
   1.55227390000000     
   1.55322380000000     
   1.55417370000000     
   1.55512350000000     
   1.55607340000000     
   1.55702330000000     
   1.55797320000000     
   1.55892300000000     
   1.55987290000000     
   1.56082280000000     
   1.56177260000000     
   1.56272250000000     
   1.56367240000000     
   1.56462220000000     
   1.56557210000000     
   1.56652200000000     
   1.56747180000000     
   1.56842170000000     
   1.56937160000000     
   1.57032140000000     
