 -2.04144e+00  -1.00000e+03
 -2.02919e+00  -1.00000e+03
 -2.01728e+00  -1.00000e+03
 -2.01011e+00  -1.00000e+03
 -2.00174e+00  -1.00000e+03
 -1.99140e+00  -1.00000e+03
 -1.98380e+00  -1.00000e+03
 -1.97634e+00  -1.00000e+03
 -1.96778e+00  -1.00000e+03
 -1.95703e+00  -1.00000e+03
 -1.94310e+00  -1.00000e+03
 -1.92885e+00  -1.00000e+03
 -1.91614e+00  -1.00000e+03
 -1.90379e+00  -1.00000e+03
 -1.89585e+00  -1.00000e+03
 -1.89143e+00  -1.00000e+03
 -1.88439e+00  -1.00000e+03
 -1.87811e+00  -1.00000e+03
 -1.87322e+00  -1.00000e+03
 -1.86455e+00  -1.00000e+03
 -1.85449e+00  -1.00000e+03
 -1.84375e+00  -1.00000e+03
 -1.83209e+00  -1.00000e+03
 -1.82102e+00  -1.00000e+03
 -1.80911e+00  -1.00000e+03
 -1.79915e+00  -1.00000e+03
 -1.79048e+00  -1.00000e+03
 -1.77989e+00  -1.00000e+03
 -1.76879e+00  -1.00000e+03
 -1.76095e+00  -1.00000e+03
 -1.75252e+00  -1.00000e+03
 -1.74425e+00  -1.00000e+03
 -1.74065e+00  -1.00000e+03
 -1.73025e+00  -1.00000e+03
 -1.71897e+00  -1.00000e+03
 -1.71242e+00  -1.00000e+03
 -1.70246e+00  -1.00000e+03
 -1.69508e+00  -1.00000e+03
 -1.68825e+00  -1.00000e+03
 -1.67675e+00  -1.00000e+03
 -1.66514e+00  -1.00000e+03
 -1.65797e+00  -1.00000e+03
 -1.65170e+00  -1.00000e+03
 -1.64436e+00  -1.00000e+03
 -1.63827e+00  -1.00000e+03
 -1.63078e+00  -1.00000e+03
 -1.61979e+00  -1.00000e+03
 -1.60818e+00  -1.00000e+03
 -1.59791e+00  -1.00000e+03
 -1.59040e+00  -1.00000e+03
 -1.58503e+00  -1.00000e+03
 -1.57840e+00  -1.00000e+03
 -1.57106e+00  -1.00000e+03
 -1.56304e+00  -1.00000e+03
 -1.55517e+00  -1.00000e+03
 -1.54668e+00  -1.00000e+03
 -1.53760e+00  -1.00000e+03
 -1.52871e+00  -1.00000e+03
 -1.52143e+00  -1.00000e+03
 -1.51145e+00  -1.00000e+03
 -1.49757e+00  -1.00000e+03
 -1.48413e+00  -1.00000e+03
 -1.47108e+00  -1.00000e+03
 -1.45842e+00  -1.00000e+03
 -1.44733e+00  -1.00000e+03
 -1.43652e+00  -1.00000e+03
 -1.42597e+00  -1.00000e+03
 -1.41454e+00  -1.00000e+03
 -1.40340e+00  -1.00000e+03
 -1.39254e+00  -1.00000e+03
 -1.38300e+00  -1.00000e+03
 -1.37469e+00  -1.00000e+03
 -1.36653e+00  -1.00000e+03
 -1.35556e+00  -1.00000e+03
 -1.34582e+00  -1.00000e+03
 -1.33724e+00  -1.00000e+03
 -1.32790e+00  -1.00000e+03
 -1.31876e+00  -1.00000e+03
 -1.30980e+00  -1.00000e+03
 -1.30103e+00  -1.00000e+03
 -1.29585e+00  -1.00000e+03
 -1.29073e+00  -1.00000e+03
 -1.28400e+00  -1.00000e+03
 -1.27572e+00  -1.00000e+03
 -1.26761e+00  -1.00000e+03
 -1.25964e+00  -1.00000e+03
 -1.25181e+00  -1.00000e+03
 -1.24413e+00  -1.00000e+03
 -1.23657e+00  -1.00000e+03
 -1.22915e+00  -1.00000e+03
 -1.22185e+00  -1.00000e+03
 -1.21467e+00  -1.00000e+03
 -1.20761e+00  -1.00000e+03
 -1.20066e+00  -1.00000e+03
 -1.19382e+00  -1.00000e+03
 -1.18709e+00  -1.00000e+03
 -1.18177e+00  -1.00000e+03
 -1.17718e+00  -1.00000e+03
 -1.17070e+00  -1.00000e+03
 -1.16431e+00  -1.00000e+03
 -1.15802e+00  -1.00000e+03
 -1.15181e+00  -1.00000e+03
 -1.14509e+00  -1.00000e+03
 -1.13906e+00  -1.00000e+03
 -1.13371e+00  -1.00000e+03
 -1.12784e+00  -1.00000e+03
 -1.12205e+00  -1.00000e+03
 -1.11634e+00  -1.00000e+03
 -1.11070e+00  -1.00000e+03
 -1.10513e+00  -1.00000e+03
 -1.09963e+00  -1.00000e+03
 -1.09420e+00  -1.00000e+03
 -1.08884e+00  -1.00000e+03
 -1.08355e+00  -1.00000e+03
 -1.07831e+00  -1.00000e+03
 -1.07314e+00  -1.00000e+03
 -1.06803e+00  -1.00000e+03
 -1.06298e+00  -1.00000e+03
 -1.05799e+00  -1.00000e+03
 -1.05306e+00  -1.00000e+03
 -1.04818e+00  -1.00000e+03
 -1.04335e+00  -1.00000e+03
 -1.03858e+00  -1.00000e+03
 -1.03386e+00  -2.55751e+01
 -1.02919e+00  -2.54077e+01
 -1.02457e+00  -2.51991e+01
 -1.02000e+00  -2.51136e+01
 -1.01547e+00  -2.47812e+01
 -1.01100e+00  -2.46875e+01
 -1.00656e+00  -2.44445e+01
 -1.00218e+00  -2.42106e+01
 -9.97834e-01  -2.40356e+01
 -9.93534e-01  -2.38566e+01
 -9.89276e-01  -2.37081e+01
 -9.85060e-01  -2.33121e+01
 -9.80884e-01  -2.31124e+01
 -9.76748e-01  -2.30515e+01
 -9.72650e-01  -2.26809e+01
 -9.68592e-01  -2.25033e+01
 -9.64570e-01  -2.22489e+01
 -9.60586e-01  -2.20935e+01
 -9.56638e-01  -2.19406e+01
 -9.52725e-01  -2.17938e+01
 -9.48847e-01  -2.14574e+01
 -9.45004e-01  -2.12202e+01
 -9.41195e-01  -2.10132e+01
 -9.37418e-01  -2.08392e+01
 -9.33674e-01  -2.07181e+01
 -9.29962e-01  -2.05248e+01
 -9.26282e-01  -2.04226e+01
 -9.22632e-01  -2.03515e+01
 -9.19013e-01  -2.03993e+01
 -9.15424e-01  -2.06018e+01
 -9.11864e-01  -2.01481e+01
 -9.08333e-01  -1.97607e+01
 -9.04831e-01  -1.95734e+01
 -9.01356e-01  -1.94203e+01
 -8.97909e-01  -1.93081e+01
 -8.94490e-01  -1.91616e+01
 -8.91097e-01  -1.91260e+01
 -8.87730e-01  -1.90093e+01
 -8.84389e-01  -1.89003e+01
 -8.81074e-01  -1.87747e+01
 -8.77784e-01  -1.86924e+01
 -8.74519e-01  -1.86125e+01
 -8.71278e-01  -1.84755e+01
 -8.68061e-01  -1.83556e+01
 -8.64867e-01  -1.82761e+01
 -8.61697e-01  -1.82155e+01
 -8.58550e-01  -1.81204e+01
 -8.55426e-01  -1.80447e+01
 -8.52324e-01  -1.78957e+01
 -8.49244e-01  -1.77988e+01
 -8.46185e-01  -1.77291e+01
 -8.43148e-01  -1.75856e+01
 -8.41035e-01  -1.74686e+01
 -8.39531e-01  -1.75122e+01
 -8.37137e-01  -1.74152e+01
 -8.34162e-01  -1.72486e+01
 -8.31208e-01  -1.71742e+01
 -8.28274e-01  -1.71297e+01
 -8.25359e-01  -1.69510e+01
 -8.22464e-01  -1.68217e+01
 -8.20448e-01  -1.69735e+01
 -8.19014e-01  -1.68094e+01
 -8.16730e-01  -1.65879e+01
 -8.13892e-01  -1.64357e+01
 -8.11072e-01  -1.65255e+01
 -8.08270e-01  -1.63405e+01
 -8.05486e-01  -1.63189e+01
 -8.02719e-01  -1.60238e+01
 -7.99971e-01  -1.59921e+01
 -7.97239e-01  -1.59985e+01
 -7.94525e-01  -1.59525e+01
 -7.91827e-01  -1.59067e+01
 -7.89147e-01  -1.58676e+01
 -7.86482e-01  -1.57575e+01
 -7.83834e-01  -1.56423e+01
 -7.81202e-01  -1.56307e+01
 -7.78586e-01  -1.54898e+01
 -7.76764e-01  -1.55204e+01
 -7.75467e-01  -1.53901e+01
 -7.73400e-01  -1.52740e+01
 -7.70830e-01  -1.51371e+01
 -7.68276e-01  -1.50899e+01
 -7.65736e-01  -1.50417e+01
 -7.63211e-01  -1.49222e+01
 -7.60701e-01  -1.48491e+01
 -7.58205e-01  -1.47255e+01
 -7.55723e-01  -1.47003e+01
 -7.53255e-01  -1.45806e+01
 -7.50802e-01  -1.46130e+01
 -7.48362e-01  -1.43561e+01
 -7.45936e-01  -1.44092e+01
 -7.43523e-01  -1.41731e+01
 -7.41123e-01  -1.42972e+01
 -7.38737e-01  -1.41014e+01
 -7.36364e-01  -1.41413e+01
 -7.34004e-01  -1.39896e+01
 -7.31656e-01  -1.40679e+01
 -7.29321e-01  -1.38502e+01
 -7.26999e-01  -1.38759e+01
 -7.24689e-01  -1.37664e+01
 -7.22391e-01  -1.36754e+01
 -7.20105e-01  -1.36398e+01
 -7.17831e-01  -1.34830e+01
 -7.15569e-01  -1.35501e+01
 -7.13319e-01  -1.36397e+01
 -7.11080e-01  -1.33927e+01
 -7.08853e-01  -1.32403e+01
 -7.06196e-01  -1.32068e+01
 -7.04213e-01  -1.31313e+01
 -7.02458e-01  -1.30243e+01
 -7.00057e-01  -1.30672e+01
 -6.97886e-01  -1.29985e+01
 -6.95725e-01  -1.29411e+01
 -6.93575e-01  -1.29571e+01
 -6.91436e-01  -1.28629e+01
 -6.89307e-01  -1.28403e+01
 -6.87188e-01  -1.27569e+01
 -6.85080e-01  -1.27744e+01
 -6.83191e-01  -1.27857e+01
 -6.82354e-01  -1.25344e+01
 -6.80894e-01  -1.24171e+01
 -6.78816e-01  -1.23741e+01
 -6.76748e-01  -1.24229e+01
 -6.74690e-01  -1.24229e+01
 -6.72641e-01  -1.23588e+01
 -6.70602e-01  -1.22351e+01
 -6.68573e-01  -1.23368e+01
 -6.66553e-01  -1.22440e+01
 -6.64542e-01  -1.22451e+01
 -6.62541e-01  -1.22008e+01
 -6.60549e-01  -1.22309e+01
 -6.58565e-01  -1.19981e+01
 -6.56591e-01  -1.20787e+01
 -6.54626e-01  -1.19757e+01
 -6.52670e-01  -1.20224e+01
 -6.50722e-01  -1.17849e+01
 -6.48784e-01  -1.17459e+01
 -6.46853e-01  -1.16352e+01
 -6.44932e-01  -1.19247e+01
 -6.43019e-01  -1.16220e+01
 -6.41114e-01  -1.16422e+01
 -6.39217e-01  -1.14042e+01
 -6.37329e-01  -1.18211e+01
 -6.35449e-01  -1.12929e+01
 -6.33577e-01  -1.14160e+01
 -6.31713e-01  -1.11993e+01
 -6.29857e-01  -1.14042e+01
 -6.28009e-01  -1.14759e+01
 -6.26169e-01  -1.13281e+01
 -6.24336e-01  -1.13467e+01
 -6.22512e-01  -1.10896e+01
 -6.20694e-01  -1.11395e+01
 -6.18885e-01  -1.08707e+01
 -6.17083e-01  -1.10745e+01
 -6.15288e-01  -1.09534e+01
 -6.13501e-01  -1.07923e+01
 -6.11721e-01  -1.06389e+01
 -6.09949e-01  -1.05697e+01
 -6.08183e-01  -1.07829e+01
 -6.06425e-01  -1.05178e+01
 -6.04674e-01  -1.09859e+01
 -6.02929e-01  -1.08845e+01
 -6.01192e-01  -1.05723e+01
 -5.99808e-01  -1.07347e+01
 -5.98944e-01  -1.07205e+01
 -5.97739e-01  -1.06330e+01
 -5.96022e-01  -1.02440e+01
 -5.94312e-01  -1.01548e+01
 -5.92609e-01  -1.01022e+01
 -5.90913e-01  -1.03761e+01
 -5.89223e-01  -1.01425e+01
 -5.87539e-01  -1.02909e+01
 -5.85863e-01  -1.01897e+01
 -5.84192e-01  -1.00453e+01
 -5.82528e-01  -1.00904e+01
 -5.80871e-01  -9.89347e+00
 -5.79219e-01  -9.68735e+00
 -5.77574e-01  -9.78044e+00
 -5.75935e-01  -9.61588e+00
 -5.74303e-01  -9.69395e+00
 -5.72676e-01  -9.74386e+00
 -5.71056e-01  -9.60952e+00
 -5.69441e-01  -9.78164e+00
 -5.67833e-01  -9.55336e+00
 -5.66230e-01  -9.57267e+00
 -5.64633e-01  -9.64276e+00
 -5.63043e-01  -9.60646e+00
 -5.61458e-01  -9.46418e+00
 -5.59878e-01  -9.47593e+00
 -5.58305e-01  -9.33518e+00
 -5.56737e-01  -9.20341e+00
 -5.55175e-01  -9.38093e+00
 -5.53618e-01  -9.31396e+00
 -5.52067e-01  -9.29211e+00
 -5.50522e-01  -9.21256e+00
 -5.48982e-01  -9.18185e+00
 -5.47447e-01  -9.23410e+00
 -5.45918e-01  -9.35696e+00
 -5.44394e-01  -9.67162e+00
 -5.42875e-01  -9.16961e+00
 -5.41362e-01  -9.12207e+00
 -5.39854e-01  -8.95184e+00
 -5.38351e-01  -8.86320e+00
 -5.36107e-01  -8.67102e+00
 -5.33132e-01  -8.72893e+00
 -5.30178e-01  -8.76202e+00
 -5.27244e-01  -8.76940e+00
 -5.24329e-01  -8.70107e+00
 -5.21434e-01  -8.67874e+00
 -5.18557e-01  -8.58464e+00
 -5.15700e-01  -8.51041e+00
 -5.12862e-01  -8.38793e+00
 -5.10042e-01  -8.38389e+00
 -5.07240e-01  -8.14574e+00
 -5.04456e-01  -8.19504e+00
 -5.01689e-01  -7.98880e+00
 -4.98941e-01  -7.82616e+00
 -4.96209e-01  -7.98371e+00
 -4.93495e-01  -7.90470e+00
 -4.90797e-01  -7.93386e+00
 -4.88117e-01  -7.65264e+00
 -4.85452e-01  -7.51916e+00
 -4.82804e-01  -7.42963e+00
 -4.80172e-01  -7.53540e+00
 -4.77556e-01  -7.47960e+00
 -4.74955e-01  -7.49189e+00
 -4.72370e-01  -7.74872e+00
 -4.69800e-01  -7.65238e+00
 -4.67246e-01  -7.60575e+00
 -4.64706e-01  -7.54359e+00
 -4.62181e-01  -7.54403e+00
 -4.59671e-01  -7.54009e+00
 -4.57175e-01  -7.37909e+00
 -4.54693e-01  -7.23195e+00
 -4.52225e-01  -7.29181e+00
 -4.49772e-01  -7.14631e+00
 -4.47332e-01  -7.53289e+00
 -4.44906e-01  -7.53434e+00
 -4.42493e-01  -7.29873e+00
 -4.40093e-01  -7.18255e+00
 -4.38899e-01  -7.11720e+00
 -4.37707e-01  -7.02009e+00
 -4.35334e-01  -6.91883e+00
 -4.32974e-01  -7.06702e+00
 -4.30626e-01  -7.14659e+00
 -4.28291e-01  -7.52097e+00
 -4.25969e-01  -7.41276e+00
 -4.23659e-01  -7.03738e+00
 -4.21361e-01  -6.99296e+00
 -4.19075e-01  -7.07389e+00
 -4.16801e-01  -7.46927e+00
 -4.14539e-01  -7.22171e+00
 -4.12289e-01  -7.25828e+00
 -4.10050e-01  -7.13476e+00
 -4.07823e-01  -6.93606e+00
 -4.05607e-01  -7.37322e+00
 -4.03403e-01  -7.00790e+00
 -4.01209e-01  -7.19746e+00
 -3.99027e-01  -6.67182e+00
 -3.96856e-01  -6.58264e+00
 -3.94695e-01  -6.64116e+00
 -3.92545e-01  -6.64700e+00
 -3.90406e-01  -6.70735e+00
 -3.88277e-01  -6.49553e+00
 -3.86158e-01  -6.62647e+00
 -3.84050e-01  -6.60998e+00
 -3.81952e-01  -6.63481e+00
 -3.79864e-01  -6.62141e+00
 -3.77786e-01  -6.60244e+00
 -3.75718e-01  -6.63501e+00
 -3.73660e-01  -6.79142e+00
 -3.71611e-01  -6.60440e+00
 -3.69572e-01  -6.63045e+00
 -3.67543e-01  -6.62740e+00
 -3.65523e-01  -6.62951e+00
 -3.63512e-01  -6.42648e+00
 -3.61511e-01  -6.38293e+00
 -3.59519e-01  -6.35220e+00
 -3.57535e-01  -6.44328e+00
 -3.55561e-01  -6.42230e+00
 -3.53596e-01  -6.36799e+00
 -3.51640e-01  -6.33835e+00
 -3.49692e-01  -6.28208e+00
 -3.47754e-01  -6.25852e+00
 -3.45823e-01  -6.16338e+00
 -3.43902e-01  -6.26294e+00
 -3.41989e-01  -6.20991e+00
 -3.40084e-01  -6.16121e+00
 -3.38187e-01  -6.18095e+00
 -3.36299e-01  -6.16192e+00
 -3.34419e-01  -6.16565e+00
 -3.32547e-01  -6.16757e+00
 -3.30683e-01  -6.12270e+00
 -3.28827e-01  -6.13498e+00
 -3.26979e-01  -6.15738e+00
 -3.25139e-01  -6.15294e+00
 -3.23306e-01  -6.15353e+00
 -3.21482e-01  -6.18698e+00
 -3.19664e-01  -6.16153e+00
 -3.17855e-01  -6.10746e+00
 -3.16053e-01  -6.09456e+00
 -3.14258e-01  -6.08750e+00
 -3.12471e-01  -6.12170e+00
 -3.10691e-01  -6.09067e+00
 -3.08919e-01  -6.08904e+00
 -3.07153e-01  -6.11720e+00
 -3.05395e-01  -6.10180e+00
 -3.03644e-01  -6.11864e+00
 -3.01899e-01  -6.16369e+00
 -3.00162e-01  -6.21398e+00
 -2.98432e-01  -6.17441e+00
 -2.96709e-01  -6.19894e+00
 -2.94992e-01  -6.20438e+00
 -2.93282e-01  -6.22651e+00
 -2.91579e-01  -6.21163e+00
 -2.89883e-01  -6.23402e+00
 -2.88193e-01  -6.26068e+00
 -2.86509e-01  -6.28904e+00
 -2.84833e-01  -6.23937e+00
 -2.83162e-01  -6.15955e+00
 -2.81498e-01  -6.03121e+00
 -2.79841e-01  -5.98643e+00
 -2.78189e-01  -6.08249e+00
 -2.76544e-01  -5.97071e+00
 -2.74905e-01  -5.92366e+00
 -2.73273e-01  -6.00845e+00
 -2.71646e-01  -5.94703e+00
 -2.70026e-01  -5.95539e+00
 -2.68411e-01  -5.96503e+00
 -2.66803e-01  -5.96706e+00
 -2.65200e-01  -5.96562e+00
 -2.63603e-01  -5.94974e+00
 -2.62013e-01  -5.93231e+00
 -2.60428e-01  -5.91883e+00
 -2.58848e-01  -5.92970e+00
 -2.57275e-01  -5.89618e+00
 -2.55707e-01  -5.88632e+00
 -2.54145e-01  -5.89546e+00
 -2.52588e-01  -5.91376e+00
 -2.51037e-01  -5.87889e+00
 -2.49492e-01  -5.86983e+00
 -2.47952e-01  -5.85366e+00
 -2.46417e-01  -5.86482e+00
 -2.44888e-01  -5.84953e+00
 -2.43364e-01  -5.87017e+00
 -2.41845e-01  -5.82387e+00
 -2.40332e-01  -5.83119e+00
 -2.38824e-01  -5.82269e+00
 -2.37321e-01  -5.84528e+00
 -2.35824e-01  -5.81630e+00
 -2.34331e-01  -5.79689e+00
 -2.32844e-01  -5.81113e+00
 -2.31362e-01  -5.80434e+00
 -2.29885e-01  -5.86311e+00
 -2.28413e-01  -5.80140e+00
 -2.26945e-01  -5.79754e+00
 -2.25483e-01  -5.79530e+00
 -2.24026e-01  -5.78168e+00
 -2.22573e-01  -5.78714e+00
 -2.21126e-01  -5.79066e+00
 -2.19683e-01  -5.77412e+00
 -2.18245e-01  -5.76446e+00
 -2.16811e-01  -5.76565e+00
 -2.15383e-01  -5.77921e+00
 -2.13959e-01  -5.77319e+00
 -2.12540e-01  -5.80300e+00
 -2.11125e-01  -5.77560e+00
 -2.09715e-01  -5.81206e+00
 -2.08309e-01  -5.76211e+00
 -2.06908e-01  -5.76639e+00
 -2.05512e-01  -5.77589e+00
 -2.04120e-01  -5.78896e+00
 -2.02732e-01  -5.76784e+00
 -2.01349e-01  -5.75268e+00
 -1.99971e-01  -5.76310e+00
 -1.98596e-01  -5.75230e+00
 -1.97226e-01  -5.74645e+00
 -1.95861e-01  -5.74527e+00
 -1.94499e-01  -5.73157e+00
 -1.93142e-01  -5.74060e+00
 -1.91789e-01  -5.73455e+00
 -1.90440e-01  -5.73911e+00
 -1.89096e-01  -5.73982e+00
 -1.87755e-01  -5.74452e+00
 -1.86419e-01  -5.72215e+00
 -1.85087e-01  -5.71344e+00
 -1.83759e-01  -5.71920e+00
 -1.82435e-01  -5.72141e+00
 -1.81115e-01  -5.71133e+00
 -1.79799e-01  -5.70509e+00
 -1.78486e-01  -5.70358e+00
 -1.77178e-01  -5.70041e+00
 -1.75874e-01  -5.70749e+00
 -1.74574e-01  -5.69787e+00
 -1.73277e-01  -5.71528e+00
 -1.71985e-01  -5.69583e+00
 -1.70696e-01  -5.70336e+00
 -1.69411e-01  -5.69649e+00
 -1.68130e-01  -5.70111e+00
 -1.66853e-01  -5.69466e+00
 -1.65579e-01  -5.68524e+00
 -1.64309e-01  -5.69502e+00
 -1.63043e-01  -5.68673e+00
 -1.61781e-01  -5.67932e+00
 -1.60522e-01  -5.67745e+00
 -1.59267e-01  -5.67784e+00
 -1.58015e-01  -5.67518e+00
 -1.56767e-01  -5.66682e+00
 -1.55523e-01  -5.67205e+00
 -1.54282e-01  -5.67329e+00
 -1.53045e-01  -5.66356e+00
 -1.51811e-01  -5.65723e+00
 -1.50581e-01  -5.66590e+00
 -1.49354e-01  -5.67370e+00
 -1.48130e-01  -5.68087e+00
 -1.46910e-01  -5.68899e+00
 -1.45694e-01  -5.69347e+00
 -1.44481e-01  -5.67707e+00
 -1.43271e-01  -5.68636e+00
 -1.42065e-01  -5.67810e+00
 -1.40862e-01  -5.65974e+00
 -1.39662e-01  -5.65887e+00
 -1.38466e-01  -5.65136e+00
 -1.37272e-01  -5.65283e+00
 -1.36083e-01  -5.64602e+00
 -1.34896e-01  -5.64640e+00
 -1.33713e-01  -5.64377e+00
 -1.32533e-01  -5.63228e+00
 -1.31356e-01  -5.63706e+00
 -1.30182e-01  -5.64046e+00
 -1.29011e-01  -5.62952e+00
 -1.27844e-01  -5.62886e+00
 -1.26679e-01  -5.62279e+00
 -1.25518e-01  -5.62285e+00
 -1.24360e-01  -5.61635e+00
 -1.23205e-01  -5.61154e+00
 -1.22053e-01  -5.60747e+00
 -1.20904e-01  -5.60827e+00
 -1.19758e-01  -5.60984e+00
 -1.18615e-01  -5.60855e+00
 -1.17475e-01  -5.60594e+00
 -1.16339e-01  -5.60545e+00
 -1.15205e-01  -5.62484e+00
 -1.14074e-01  -5.60586e+00
 -1.12946e-01  -5.61532e+00
 -1.11821e-01  -5.60810e+00
 -1.10698e-01  -5.61108e+00
 -1.09579e-01  -5.59927e+00
 -1.08463e-01  -5.59798e+00
 -1.07349e-01  -5.59696e+00
 -1.06238e-01  -5.60081e+00
 -1.05130e-01  -5.60111e+00
 -1.04025e-01  -5.58947e+00
 -1.02923e-01  -5.59249e+00
 -1.01824e-01  -5.59792e+00
 -1.00727e-01  -5.59708e+00
 -9.96329e-02  -5.60205e+00
 -9.85417e-02  -5.58510e+00
 -9.74532e-02  -5.58456e+00
 -9.63675e-02  -5.58434e+00
 -9.52845e-02  -5.58332e+00
 -9.42041e-02  -5.58244e+00
 -9.31265e-02  -5.58131e+00
 -9.20515e-02  -5.58408e+00
 -9.09791e-02  -5.57855e+00
 -8.99095e-02  -5.57151e+00
 -8.88424e-02  -5.57037e+00
 -8.77779e-02  -5.56897e+00
 -8.67161e-02  -5.58804e+00
 -8.56568e-02  -5.57639e+00
 -8.46002e-02  -5.56977e+00
 -8.35461e-02  -5.56786e+00
 -8.24945e-02  -5.55880e+00
 -8.14455e-02  -5.55984e+00
 -8.03990e-02  -5.56908e+00
 -7.93550e-02  -5.57184e+00
 -7.83135e-02  -5.56690e+00
 -7.72745e-02  -5.56315e+00
 -7.62380e-02  -5.58353e+00
 -7.52040e-02  -5.55968e+00
 -7.41724e-02  -5.57668e+00
 -7.31433e-02  -5.56622e+00
 -7.21166e-02  -5.56537e+00
 -7.10923e-02  -5.55947e+00
 -7.00704e-02  -5.57620e+00
 -6.90510e-02  -5.55538e+00
 -6.80339e-02  -5.57731e+00
 -6.70192e-02  -5.54794e+00
 -6.60068e-02  -5.55211e+00
 -6.49968e-02  -5.55126e+00
 -6.39892e-02  -5.54583e+00
 -6.29839e-02  -5.53920e+00
 -6.19809e-02  -5.57215e+00
 -6.09802e-02  -5.55917e+00
 -5.99818e-02  -5.54206e+00
 -5.89858e-02  -5.53988e+00
 -5.79919e-02  -5.53894e+00
 -5.70004e-02  -5.53730e+00
 -5.60111e-02  -5.53479e+00
 -5.50241e-02  -5.54866e+00
 -5.40393e-02  -5.53915e+00
 -5.30567e-02  -5.53111e+00
 -5.20764e-02  -5.53448e+00
 -5.10982e-02  -5.52505e+00
 -5.01223e-02  -5.52185e+00
 -4.91485e-02  -5.52967e+00
 -4.81770e-02  -5.53025e+00
 -4.72076e-02  -5.52630e+00
 -4.62403e-02  -5.52270e+00
 -4.52752e-02  -5.53943e+00
 -4.43122e-02  -5.52517e+00
 -4.33514e-02  -5.51397e+00
 -4.23927e-02  -5.51425e+00
 -4.14361e-02  -5.52837e+00
 -4.04816e-02  -5.52336e+00
 -3.95292e-02  -5.51418e+00
 -3.85789e-02  -5.51438e+00
 -3.76307e-02  -5.51316e+00
 -3.66845e-02  -5.50664e+00
 -3.57404e-02  -5.51444e+00
 -3.47983e-02  -5.50878e+00
 -3.38583e-02  -5.51416e+00
 -3.29203e-02  -5.51196e+00
 -3.19843e-02  -5.51281e+00
 -3.10503e-02  -5.50520e+00
 -3.01184e-02  -5.50557e+00
 -2.91884e-02  -5.50630e+00
 -2.82604e-02  -5.51209e+00
 -2.73344e-02  -5.50339e+00
 -2.64104e-02  -5.51248e+00
 -2.54883e-02  -5.50085e+00
 -2.45682e-02  -5.51053e+00
 -2.36500e-02  -5.49934e+00
 -2.27338e-02  -5.49670e+00
 -2.18195e-02  -5.49809e+00
 -2.09071e-02  -5.49764e+00
 -1.99966e-02  -5.50460e+00
 -1.90881e-02  -5.50230e+00
 -1.81814e-02  -5.49203e+00
 -1.72766e-02  -5.49824e+00
 -1.63737e-02  -5.49406e+00
 -1.54727e-02  -5.50647e+00
 -1.45735e-02  -5.50417e+00
 -1.36762e-02  -5.49311e+00
 -1.27808e-02  -5.49647e+00
 -1.18872e-02  -5.49963e+00
 -1.09954e-02  -5.49748e+00
 -1.01054e-02  -5.49363e+00
 -9.21731e-03  -5.50222e+00
 -8.33099e-03  -5.48550e+00
 -7.44648e-03  -5.48947e+00
 -6.56377e-03  -5.48235e+00
 -5.68285e-03  -5.48458e+00
 -4.80371e-03  -5.48326e+00
 -3.92635e-03  -5.48258e+00
 -3.05075e-03  -5.48125e+00
 -2.17692e-03  -5.48008e+00
 -1.30484e-03  -5.47836e+00
 -4.34512e-04  -5.47801e+00
  1.08438e-03  -5.47906e+00
  3.24505e-03  -5.47913e+00
  5.39503e-03  -5.47456e+00
  7.53442e-03  -5.47536e+00
  9.66332e-03  -5.47242e+00
  1.17818e-02  -5.46855e+00
  1.38901e-02  -5.47209e+00
  1.59881e-02  -5.47076e+00
  1.80761e-02  -5.46486e+00
  2.01540e-02  -5.46566e+00
  2.22221e-02  -5.46119e+00
  2.42804e-02  -5.46302e+00
  2.63289e-02  -5.46010e+00
  2.83679e-02  -5.46297e+00
  3.03973e-02  -5.45978e+00
  3.24173e-02  -5.45966e+00
  3.44279e-02  -5.46346e+00
  3.64293e-02  -5.45776e+00
  3.84214e-02  -5.45110e+00
  4.04045e-02  -5.45313e+00
  4.23786e-02  -5.44853e+00
  4.43437e-02  -5.44508e+00
  4.63000e-02  -5.44443e+00
  4.82475e-02  -5.44562e+00
  5.01863e-02  -5.44156e+00
  5.21166e-02  -5.44626e+00
  5.40382e-02  -5.44229e+00
  5.59514e-02  -5.44387e+00
  5.78562e-02  -5.44577e+00
  5.97527e-02  -5.43569e+00
  6.16409e-02  -5.43228e+00
  6.35210e-02  -5.43445e+00
  6.53930e-02  -5.43838e+00
  6.72569e-02  -5.43369e+00
  6.91129e-02  -5.42677e+00
  7.09609e-02  -5.43229e+00
  7.28011e-02  -5.43206e+00
  7.46336e-02  -5.43338e+00
  7.64584e-02  -5.42149e+00
  7.82755e-02  -5.43554e+00
  8.00851e-02  -5.42229e+00
  8.18871e-02  -5.42421e+00
  8.36817e-02  -5.41857e+00
  8.54690e-02  -5.41456e+00
  8.72489e-02  -5.41387e+00
  8.90215e-02  -5.41372e+00
  9.07869e-02  -5.41267e+00
  9.25452e-02  -5.41010e+00
  9.42964e-02  -5.41117e+00
  9.60406e-02  -5.40706e+00
  9.77777e-02  -5.40898e+00
  9.95080e-02  -5.40503e+00
  1.01231e-01  -5.40445e+00
  1.02948e-01  -5.40547e+00
  1.04658e-01  -5.40129e+00
  1.06361e-01  -5.39755e+00
  1.08057e-01  -5.40874e+00
  1.09747e-01  -5.39998e+00
  1.11431e-01  -5.40270e+00
  1.13107e-01  -5.39342e+00
  1.14778e-01  -5.39546e+00
  1.16442e-01  -5.39005e+00
  1.18099e-01  -5.39968e+00
  1.19751e-01  -5.39471e+00
  1.21396e-01  -5.38760e+00
  1.23035e-01  -5.39156e+00
  1.24667e-01  -5.38629e+00
  1.26294e-01  -5.38474e+00
  1.27914e-01  -5.37961e+00
  1.29529e-01  -5.37882e+00
  1.31137e-01  -5.37715e+00
  1.32740e-01  -5.38026e+00
  1.34337e-01  -5.37989e+00
  1.35927e-01  -5.37417e+00
  1.37512e-01  -5.36967e+00
  1.39092e-01  -5.36999e+00
  1.40665e-01  -5.36668e+00
  1.42233e-01  -5.36869e+00
  1.43795e-01  -5.36255e+00
  1.45352e-01  -5.36045e+00
  1.46903e-01  -5.36452e+00
  1.48448e-01  -5.35710e+00
  1.49988e-01  -5.35938e+00
  1.51523e-01  -5.35258e+00
  1.53052e-01  -5.35684e+00
  1.54576e-01  -5.36500e+00
  1.56095e-01  -5.35002e+00
  1.57608e-01  -5.34612e+00
  1.59116e-01  -5.35507e+00
  1.60619e-01  -5.34330e+00
  1.62116e-01  -5.34705e+00
  1.63460e-01  -5.34342e+00
  1.64947e-01  -5.33828e+00
  1.66578e-01  -5.33615e+00
  1.68055e-01  -5.34080e+00
  1.69527e-01  -5.33656e+00
  1.70995e-01  -5.33324e+00
  1.72457e-01  -5.34204e+00
  1.73914e-01  -5.32427e+00
  1.75367e-01  -5.32771e+00
  1.76814e-01  -5.34966e+00
  1.78257e-01  -5.33673e+00
  1.79695e-01  -5.32057e+00
  1.81129e-01  -5.31883e+00
  1.82557e-01  -5.31798e+00
  1.83981e-01  -5.31241e+00
  1.85400e-01  -5.31266e+00
  1.86815e-01  -5.30750e+00
  1.88225e-01  -5.30382e+00
  1.89631e-01  -5.30300e+00
  1.91032e-01  -5.30705e+00
  1.92428e-01  -5.30717e+00
  1.93820e-01  -5.29915e+00
  1.95208e-01  -5.30613e+00
  1.96591e-01  -5.29952e+00
  1.97969e-01  -5.32038e+00
  1.99344e-01  -5.30315e+00
  2.00714e-01  -5.31190e+00
  2.02079e-01  -5.30030e+00
  2.03441e-01  -5.29638e+00
  2.05475e-01  -5.28960e+00
  2.08173e-01  -5.29059e+00
  2.10853e-01  -5.28692e+00
  2.13518e-01  -5.28551e+00
  2.16166e-01  -5.28846e+00
  2.18798e-01  -5.28715e+00
  2.21414e-01  -5.29028e+00
  2.24015e-01  -5.29877e+00
  2.26600e-01  -5.30016e+00
  2.29170e-01  -5.29692e+00
  2.31724e-01  -5.30707e+00
  2.34264e-01  -5.30931e+00
  2.36789e-01  -5.31473e+00
  2.39299e-01  -5.31809e+00
  2.41795e-01  -5.31977e+00
  2.44277e-01  -5.32220e+00
  2.46745e-01  -5.32412e+00
  2.49198e-01  -5.32988e+00
  2.51638e-01  -5.32939e+00
  2.54064e-01  -5.33431e+00
  2.56477e-01  -5.33977e+00
  2.58877e-01  -5.34267e+00
  2.61263e-01  -5.34667e+00
  2.63636e-01  -5.35090e+00
  2.65996e-01  -5.35886e+00
  2.68344e-01  -5.35626e+00
  2.70679e-01  -5.36523e+00
  2.73001e-01  -5.37054e+00
  2.75311e-01  -5.36824e+00
  2.77609e-01  -5.38403e+00
  2.79895e-01  -5.37374e+00
  2.82169e-01  -5.37884e+00
  2.84431e-01  -5.38118e+00
  2.86681e-01  -5.39156e+00
  2.88920e-01  -5.39743e+00
  2.91147e-01  -5.39385e+00
  2.93363e-01  -5.39615e+00
  2.95567e-01  -5.40588e+00
  2.97761e-01  -5.40732e+00
  2.99943e-01  -5.40796e+00
  3.02114e-01  -5.40453e+00
  3.04275e-01  -5.40680e+00
  3.06425e-01  -5.41601e+00
  3.08564e-01  -5.41890e+00
  3.10693e-01  -5.41692e+00
  3.12812e-01  -5.42138e+00
  3.14920e-01  -5.42737e+00
  3.17018e-01  -5.42868e+00
  3.19106e-01  -5.43227e+00
  3.21184e-01  -5.44000e+00
  3.23252e-01  -5.43782e+00
  3.25310e-01  -5.44285e+00
  3.27359e-01  -5.44535e+00
  3.29398e-01  -5.44621e+00
  3.31427e-01  -5.44971e+00
  3.33447e-01  -5.45286e+00
  3.35458e-01  -5.45828e+00
  3.37459e-01  -5.46256e+00
  3.39451e-01  -5.46416e+00
  3.41435e-01  -5.46646e+00
  3.43409e-01  -5.47813e+00
  3.45374e-01  -5.47111e+00
  3.47330e-01  -5.48077e+00
  3.49278e-01  -5.48157e+00
  3.51216e-01  -5.48389e+00
  3.53147e-01  -5.48467e+00
  3.55068e-01  -5.49289e+00
  3.56981e-01  -5.49004e+00
  3.58886e-01  -5.49729e+00
  3.60783e-01  -5.54892e+00
  3.62671e-01  -5.52372e+00
  3.64551e-01  -5.52303e+00
  3.66423e-01  -5.57522e+00
  3.68287e-01  -5.54920e+00
  3.70143e-01  -5.53882e+00
  3.71991e-01  -5.59273e+00
  3.73831e-01  -5.55926e+00
  3.75664e-01  -5.55468e+00
  3.77488e-01  -5.60200e+00
  3.79306e-01  -5.57466e+00
  3.81115e-01  -5.56562e+00
  3.82917e-01  -5.60478e+00
  3.84712e-01  -5.58528e+00
  3.86499e-01  -5.57653e+00
  3.88279e-01  -5.59988e+00
  3.90051e-01  -5.60187e+00
  3.91817e-01  -5.58299e+00
  3.93575e-01  -5.59646e+00
  3.95326e-01  -5.61330e+00
  3.97071e-01  -5.59746e+00
  3.98808e-01  -5.58709e+00
  4.00538e-01  -5.61514e+00
  4.02261e-01  -5.60039e+00
  4.03978e-01  -5.59787e+00
  4.05688e-01  -5.60722e+00
  4.07391e-01  -5.60851e+00
  4.09087e-01  -5.60651e+00
  4.10777e-01  -5.60310e+00
  4.12461e-01  -5.62032e+00
  4.14137e-01  -5.61330e+00
  4.15808e-01  -5.61083e+00
  4.17472e-01  -5.61423e+00
  4.19129e-01  -5.61964e+00
  4.20781e-01  -5.61811e+00
  4.22426e-01  -5.61985e+00
  4.24065e-01  -5.62178e+00
  4.25697e-01  -5.62940e+00
  4.27324e-01  -5.61970e+00
  4.28944e-01  -5.62283e+00
  4.30559e-01  -5.62781e+00
  4.32167e-01  -5.62718e+00
  4.33770e-01  -5.62888e+00
  4.35367e-01  -5.63036e+00
  4.36957e-01  -5.63399e+00
  4.38542e-01  -5.63374e+00
  4.40122e-01  -5.63471e+00
  4.41695e-01  -5.63919e+00
  4.43263e-01  -5.64226e+00
  4.44825e-01  -5.64283e+00
  4.46382e-01  -5.64298e+00
  4.47933e-01  -5.64600e+00
  4.49478e-01  -5.64917e+00
  4.51018e-01  -5.65078e+00
  4.52553e-01  -5.65150e+00
  4.54082e-01  -5.65508e+00
  4.55606e-01  -5.65727e+00
  4.57125e-01  -5.65943e+00
  4.58638e-01  -5.66117e+00
  4.60146e-01  -5.66373e+00
  4.61649e-01  -5.66595e+00
  4.63146e-01  -5.66887e+00
  4.64639e-01  -5.67075e+00
  4.66126e-01  -5.67782e+00
  4.67608e-01  -5.67597e+00
  4.69085e-01  -5.67878e+00
  4.70557e-01  -5.68071e+00
  4.72025e-01  -5.68223e+00
  4.73487e-01  -5.68442e+00
  4.74944e-01  -5.68764e+00
  4.76397e-01  -5.69055e+00
  4.77844e-01  -5.69266e+00
  4.79287e-01  -5.69416e+00
  4.80725e-01  -5.69780e+00
  4.82159e-01  -5.70038e+00
  4.83587e-01  -5.70142e+00
  4.85011e-01  -5.70460e+00
  4.86430e-01  -5.70748e+00
  4.87845e-01  -5.70881e+00
  4.89255e-01  -5.71338e+00
  4.90661e-01  -5.71443e+00
  4.92062e-01  -5.71590e+00
  4.93458e-01  -5.72216e+00
  4.94850e-01  -5.72103e+00
  4.96238e-01  -5.72328e+00
  4.97621e-01  -5.72577e+00
  4.98999e-01  -5.72926e+00
  5.00374e-01  -5.73205e+00
  5.01744e-01  -5.73292e+00
  5.03109e-01  -5.73531e+00
  5.04471e-01  -5.73730e+00
  5.06505e-01  -5.74136e+00
  5.09203e-01  -5.74644e+00
  5.11883e-01  -5.75103e+00
  5.14548e-01  -5.75602e+00
  5.17196e-01  -5.76078e+00
  5.19828e-01  -5.76566e+00
  5.22444e-01  -5.77105e+00
  5.25045e-01  -5.77404e+00
  5.27630e-01  -5.77911e+00
  5.30200e-01  -5.78469e+00
  5.32754e-01  -5.78987e+00
  5.35294e-01  -5.79245e+00
  5.37819e-01  -5.79642e+00
  5.40329e-01  -5.80120e+00
  5.42825e-01  -5.80551e+00
  5.45307e-01  -5.80946e+00
  5.47775e-01  -5.81475e+00
  5.50228e-01  -5.81843e+00
  5.52668e-01  -5.82321e+00
  5.55094e-01  -5.82766e+00
  5.57507e-01  -5.83120e+00
  5.59907e-01  -5.83550e+00
  5.62293e-01  -5.84081e+00
  5.64666e-01  -5.84570e+00
  5.67026e-01  -5.85146e+00
  5.69374e-01  -5.85614e+00
  5.71709e-01  -5.85810e+00
  5.74031e-01  -5.86426e+00
  5.76341e-01  -5.86637e+00
  5.78639e-01  -5.87083e+00
  5.80925e-01  -5.87420e+00
  5.83199e-01  -5.87755e+00
  5.85461e-01  -5.88142e+00
  5.87711e-01  -5.88783e+00
  5.89950e-01  -5.89034e+00
  5.92177e-01  -5.89355e+00
  5.94393e-01  -5.89756e+00
  5.96597e-01  -5.90354e+00
  5.98791e-01  -5.90648e+00
  6.00973e-01  -5.91309e+00
  6.03144e-01  -5.91496e+00
  6.05305e-01  -5.91751e+00
  6.07455e-01  -5.92274e+00
  6.09594e-01  -5.92580e+00
  6.11723e-01  -5.92928e+00
  6.13842e-01  -5.93310e+00
  6.15950e-01  -5.93635e+00
  6.18048e-01  -5.94069e+00
  6.20136e-01  -5.94446e+00
  6.22214e-01  -5.94987e+00
  6.24282e-01  -5.95481e+00
  6.26340e-01  -5.95505e+00
  6.28389e-01  -5.96014e+00
  6.30428e-01  -5.96269e+00
  6.32457e-01  -5.98990e+00
  6.34477e-01  -6.02024e+00
  6.36488e-01  -6.01377e+00
  6.38489e-01  -6.03883e+00
  6.40481e-01  -6.05267e+00
  6.42465e-01  -6.05962e+00
  6.44439e-01  -6.07980e+00
  6.46404e-01  -6.08515e+00
  6.48360e-01  -6.08808e+00
  6.50308e-01  -6.10643e+00
  6.52246e-01  -6.10090e+00
  6.54177e-01  -6.11126e+00
  6.56098e-01  -6.12063e+00
  6.58011e-01  -6.11631e+00
  6.59916e-01  -6.11602e+00
  6.61813e-01  -6.12985e+00
  6.63701e-01  -6.12148e+00
  6.65581e-01  -6.12659e+00
  6.67453e-01  -6.12491e+00
  6.69317e-01  -6.12051e+00
  6.71173e-01  -6.12597e+00
  6.73021e-01  -6.13127e+00
  6.74861e-01  -6.12176e+00
  6.76694e-01  -6.13065e+00
  6.78518e-01  -6.13260e+00
  6.80336e-01  -6.13047e+00
  6.82145e-01  -6.14167e+00
  6.83947e-01  -6.13098e+00
  6.85742e-01  -6.13615e+00
  6.87529e-01  -6.14348e+00
  6.89309e-01  -6.14671e+00
  6.91081e-01  -6.14617e+00
  6.92847e-01  -6.15095e+00
  6.94605e-01  -6.15590e+00
  6.96356e-01  -6.15297e+00
  6.98101e-01  -6.15609e+00
  6.99838e-01  -6.15852e+00
  7.01568e-01  -6.16026e+00
  7.03291e-01  -6.16753e+00
  7.05008e-01  -6.16527e+00
  7.06718e-01  -6.16784e+00
  7.08421e-01  -6.17386e+00
  7.10117e-01  -6.16870e+00
  7.11807e-01  -6.17583e+00
  7.13491e-01  -6.17263e+00
  7.15167e-01  -6.17834e+00
  7.16838e-01  -6.17735e+00
  7.18502e-01  -6.18402e+00
  7.20159e-01  -6.18216e+00
  7.21811e-01  -6.17956e+00
  7.23456e-01  -6.18897e+00
  7.25095e-01  -6.18985e+00
  7.26727e-01  -6.18920e+00
  7.28354e-01  -6.19106e+00
  7.29974e-01  -6.19133e+00
  7.31589e-01  -6.19312e+00
  7.33197e-01  -6.19473e+00
  7.34800e-01  -6.20138e+00
  7.36397e-01  -6.19804e+00
  7.37987e-01  -6.20176e+00
  7.39572e-01  -6.20356e+00
  7.41152e-01  -6.20535e+00
  7.42725e-01  -6.19848e+00
  7.44293e-01  -6.21050e+00
  7.45855e-01  -6.20528e+00
  7.47412e-01  -6.21031e+00
  7.48963e-01  -6.21053e+00
  7.50508e-01  -6.21593e+00
  7.52048e-01  -6.21356e+00
  7.53583e-01  -6.21523e+00
  7.55112e-01  -6.22087e+00
  7.56636e-01  -6.21783e+00
  7.58155e-01  -6.22095e+00
  7.59668e-01  -6.22235e+00
  7.61176e-01  -6.22600e+00
  7.62679e-01  -6.22448e+00
  7.64176e-01  -6.22973e+00
  7.65669e-01  -6.23083e+00
  7.67156e-01  -6.23217e+00
  7.68638e-01  -6.23660e+00
  7.70115e-01  -6.23799e+00
  7.71587e-01  -6.23889e+00
  7.73055e-01  -6.24077e+00
  7.74517e-01  -6.24388e+00
  7.75974e-01  -6.24423e+00
  7.77427e-01  -6.24658e+00
  7.78874e-01  -6.24872e+00
  7.80317e-01  -6.25104e+00
  7.81755e-01  -6.25500e+00
  7.83189e-01  -6.25694e+00
  7.84617e-01  -6.25893e+00
  7.86041e-01  -6.26227e+00
  7.87460e-01  -6.26325e+00
  7.88875e-01  -6.26506e+00
  7.90285e-01  -6.26677e+00
  7.91691e-01  -6.26884e+00
  7.93092e-01  -6.27066e+00
  7.94488e-01  -6.27388e+00
  7.95880e-01  -6.27719e+00
  7.97268e-01  -6.27976e+00
  7.98651e-01  -6.28098e+00
  8.00029e-01  -6.28379e+00
  8.01404e-01  -6.28443e+00
  8.02774e-01  -6.28783e+00
  8.04139e-01  -6.28873e+00
  8.05501e-01  -6.29220e+00
  8.07535e-01  -6.29534e+00
  8.10233e-01  -6.30032e+00
  8.12913e-01  -6.30487e+00
  8.15578e-01  -6.30942e+00
  8.18226e-01  -6.31370e+00
  8.20858e-01  -6.31867e+00
  8.23474e-01  -6.32326e+00
  8.26075e-01  -6.32785e+00
  8.28660e-01  -6.33281e+00
  8.31230e-01  -6.33741e+00
  8.33784e-01  -6.34222e+00
  8.36324e-01  -6.34664e+00
  8.38849e-01  -6.35139e+00
  8.41359e-01  -6.35606e+00
  8.43855e-01  -6.36060e+00
  8.46337e-01  -6.36557e+00
  8.48805e-01  -6.36995e+00
  8.51258e-01  -6.37452e+00
  8.53698e-01  -6.37907e+00
  8.56124e-01  -6.38372e+00
  8.58537e-01  -6.38818e+00
  8.60937e-01  -6.39275e+00
  8.63323e-01  -6.39722e+00
  8.65696e-01  -6.40190e+00
  8.68056e-01  -6.40624e+00
  8.70404e-01  -6.41122e+00
  8.72739e-01  -6.41561e+00
  8.75061e-01  -6.41988e+00
  8.77371e-01  -6.42454e+00
  8.79669e-01  -6.42825e+00
  8.81955e-01  -6.43263e+00
  8.84229e-01  -6.43694e+00
  8.86491e-01  -6.44138e+00
  8.88741e-01  -6.44555e+00
  8.90980e-01  -6.44979e+00
  8.93207e-01  -6.45406e+00
  8.95423e-01  -6.45829e+00
  8.97627e-01  -6.46252e+00
  8.99821e-01  -6.46669e+00
  9.02003e-01  -6.47083e+00
  9.04174e-01  -6.47533e+00
  9.06335e-01  -6.47938e+00
  9.08485e-01  -6.48332e+00
  9.10624e-01  -6.48753e+00
  9.12753e-01  -6.49142e+00
  9.14872e-01  -6.49546e+00
  9.16980e-01  -6.49953e+00
  9.19078e-01  -6.50356e+00
  9.21166e-01  -6.50779e+00
  9.23244e-01  -6.51188e+00
  9.25312e-01  -6.51555e+00
  9.27370e-01  -6.51958e+00
  9.29419e-01  -6.52346e+00
  9.31458e-01  -6.52732e+00
  9.33487e-01  -6.53116e+00
  9.35507e-01  -6.53502e+00
  9.37518e-01  -6.53885e+00
  9.39519e-01  -6.54273e+00
  9.41511e-01  -6.54651e+00
  9.43495e-01  -6.55035e+00
  9.45469e-01  -6.55425e+00
  9.47434e-01  -6.55799e+00
  9.49390e-01  -6.56186e+00
  9.51338e-01  -6.56542e+00
  9.53276e-01  -6.56948e+00
  9.55207e-01  -6.57286e+00
  9.57128e-01  -6.57653e+00
  9.59041e-01  -6.58074e+00
  9.60946e-01  -6.58400e+00
  9.62843e-01  -6.58772e+00
  9.64731e-01  -6.59114e+00
  9.66611e-01  -6.59479e+00
  9.68483e-01  -6.59837e+00
  9.70347e-01  -6.60200e+00
  9.72203e-01  -6.60554e+00
  9.74051e-01  -6.60911e+00
  9.75891e-01  -6.61271e+00
  9.77724e-01  -6.61622e+00
  9.79548e-01  -6.61974e+00
  9.81366e-01  -6.62322e+00
  9.83175e-01  -6.62673e+00
  9.84977e-01  -6.63020e+00
  9.86772e-01  -6.63364e+00
  9.88559e-01  -6.63755e+00
  9.90339e-01  -6.64064e+00
  9.92111e-01  -6.64397e+00
  9.93877e-01  -6.64737e+00
  9.95635e-01  -6.65076e+00
  9.97386e-01  -6.65417e+00
  9.99131e-01  -6.65752e+00
  1.00087e+00  -6.66088e+00
  1.30103e+00  -7.24732e+00
  1.60206e+00  -7.84514e+00
  1.77815e+00  -8.19811e+00
  1.90309e+00  -8.44976e+00
  2.00000e+00  -8.64553e+00
  2.07918e+00  -8.80582e+00
  2.14613e+00  -8.94155e+00
  2.20412e+00  -9.05925e+00
