          80
   23287050057780.8     
   23287368821466.7     
   23287687585152.6     
   23288006348838.4     
   23288325112524.3     
   23288643876210.2     
   23288962639896.1     
   23289281403581.9     
   23289600167267.8     
   23289918930953.7     
   23290237694639.5     
   23290556458325.4     
   23290875222011.3     
   23291193985697.1     
   23291512749383.0     
   23291831513068.9     
   23292150276754.7     
   23292469040440.6     
   23292787804126.5     
   23293106567812.3     
   23293425331498.2     
   23293744095184.1     
   23294062858869.9     
   23294381622555.8     
   23294700386241.7     
   23295019149927.5     
   23295337913613.4     
   23295656677299.3     
   23295975440985.1     
   23296294204671.0     
   23296612968356.9     
   23296931732042.8     
   23297250495728.6     
   23297569259414.5     
   23297888023100.4     
   23298206786786.2     
   23298525550472.1     
   23298844314158.0     
   23299163077843.8     
   23299481841529.7     
   23135954318960.6     
   23136271014379.6     
   23136587709798.5     
   23136904405217.5     
   23137221100636.5     
   23137537796055.5     
   23137854491474.4     
   23138171186893.4     
   23138487882312.4     
   23138804577731.4     
   23139121273150.4     
   23139437968569.3     
   23139754663988.3     
   23140071359407.3     
   23140388054826.3     
   23140704750245.2     
   23141021445664.2     
   23141338141083.2     
   23141654836502.2     
   23141971531921.1     
   23142288227340.1     
   23142604922759.1     
   23142921618178.1     
   23143238313597.1     
   23143555009016.0     
   23143871704435.0     
   23144188399854.0     
   23144505095273.0     
   23144821790691.9     
   23145138486110.9     
   23145455181529.9     
   23145771876948.9     
   23146088572367.8     
   23146405267786.8     
   23146721963205.8     
   23147038658624.8     
   23147355354043.8     
   23147672049462.7     
   23147988744881.7     
   23148305440300.7     
