          41
  -1.0000000000000000     
 -0.98519179429059645     
 -0.98150558697986579     
 -0.97689084280805349     
 -0.97110734422546141     
 -0.96384897662787716     
 -0.95472334585473528     
 -0.94322360798111260     
 -0.92868852568982418     
 -0.91024397376918686     
 -0.88671369930307797     
 -0.85647583074671041     
 -0.81721574011700848     
 -0.76545911282207324     
 -0.69556658327832943     
 -0.59708916013015256     
 -0.44477536130552703     
 -0.33358152097914529     
 -0.22238768065276351     
 -0.11119384032638176     
   0.0000000000000000     
  0.11119384032638176     
  0.22238768065276351     
  0.33358152097914529     
  0.44477536130552703     
  0.59708916013015256     
  0.69556658327832943     
  0.76545911282207324     
  0.81721574011700848     
  0.85647583074671041     
  0.88671369930307797     
  0.91024397376918686     
  0.92868852568982418     
  0.94322360798111260     
  0.95472334585473528     
  0.96384897662787716     
  0.97110734422546141     
  0.97689084280805349     
  0.98150558697986579     
  0.98519179429059645     
   1.0000000000000000     
  
  -1.0000000000000000     
 -0.98674753223866773     
 -0.98345187801808820     
 -0.97932794900094799     
 -0.97416256749743446     
 -0.96768473704455626     
 -0.95954816648849794     
 -0.94930737611582017     
 -0.93638427314103223     
 -0.92002003244269848     
 -0.89920326163382402     
 -0.87255768100208742     
 -0.83815565545022086     
 -0.79318304903757297     
 -0.73326737670497366     
 -0.65089793482620140     
 -0.53060188460633118     
 -0.38917844114233613     
 -0.27798460081595439     
 -0.16679076048957264     
 -5.55969201631908785E-002
  5.55969201631908785E-002
  0.16679076048957264     
  0.27798460081595439     
  0.38917844114233613     
  0.53060188460633118     
  0.65089793482620140     
  0.73326737670497366     
  0.79318304903757297     
  0.83815565545022086     
  0.87255768100208742     
  0.89920326163382402     
  0.92002003244269848     
  0.93638427314103223     
  0.94930737611582017     
  0.95954816648849794     
  0.96768473704455626     
  0.97416256749743446     
  0.97932794900094799     
  0.98345187801808820     
  0.98674753223866773     
   1.0000000000000000     
