          16
  0.19634954084937495     
  0.58904862254812496     
  0.98174770424687496     
   1.3744467859456249     
   1.7671458676443748     
   2.1598449493431247     
   2.5525440310418746     
   2.9452431127406244     
   3.3379421944393743     
   3.7306412761381242     
   4.1233403578368746     
   4.5160394395356249     
   4.9087385212343753     
   5.3014376029331256     
   5.6941366846318759     
   6.0868357663306263     
  
  0.39269908169874995     
  0.78539816339750002     
   1.1780972450962499     
   1.5707963267949998     
   1.9634954084937497     
   2.3561944901924994     
   2.7488935718912497     
   3.1415926535899992     
   3.5342917352887495     
   3.9269908169874994     
   4.3196898986862493     
   4.7123889803850005     
   5.1050880620837500     
   5.4977871437825012     
   5.8904862254812507     
   6.2831853946025742     
