         151
   1130530319645.61     
   1130773693450.99     
   1131017143447.02     
   1131260643448.43     
   1131504193444.46     
   1131747793445.87     
   1131991443441.90     
   1132235143443.31     
   1132478893439.34     
   1132722643446.14     
   1132966493431.40     
   1133210443438.20     
   1133454443428.85     
   1133698493435.64     
   1133942543431.68     
   1134186693427.71     
   1134430843434.50     
   1135530229053.53     
   1137487428315.28     
   1139448027578.30     
   1141411926928.64     
   1143379226108.04     
   1145349975417.87     
   1147324074685.89     
   1149301523998.21     
   1151282373225.68     
   1153266772411.41     
   1155254571770.62     
   1157245671044.94     
   1159240270234.45     
   1161238319554.41     
   1170272234922.30     
   1186506449960.94     
   1202965809664.19     
   1219653513419.12     
   1236572662676.97     
   1253726505103.88     
   1271118392501.46     
   1288751524256.77     
   1306629200448.11     
   1324754919780.83     
   1343132084402.13     
   1361764092326.13     
   1380654643640.62     
   1399807289463.09     
   1489335573953.80     
   1662868912689.54     
   1856621895526.09     
   2072950391157.48     
   2314484900723.13     
   2584162370721.80     
   2885261915059.88     
   3221444729240.50     
   3596798645528.80     
   4015887839971.03     
   4483808123562.52     
   5006249196727.89     
   5589563719642.50     
   6240844417667.02     
   6968010559252.82     
   7779904168331.28     
   8686397356772.71     
   9698512479496.84     
   10828556767497.7     
   12090271006487.7     
   13498996465661.7     
   15071862625455.6     
   16827994937498.2     
   18788746988539.8     
   20977960068310.8     
   23422254675709.9     
   26151352291097.5     
   29198436437448.4     
   32600558359682.4     
   36399086219470.3     
   40640208372054.7     
   45375494510619.5     
   50662523163551.3     
   56565582192301.6     
   63156449608268.1     
   70515266671786.6     
   78731512980632.0     
   87905093815871.4     
   98147556187423.6     
   109583441669635.     
   122351804252982.     
   136607902363699.     
   152525082586716.     
   170296891032046.     
   190139419736372.     
   212293941851029.     
   237029853120235.     
   264647927459370.     
   295483979296501.     
   329912964055648.     
   368353521283493.     
   411273070586574.     
   459193490103434.     
   512697459378146.     
   572435565042161.     
   639134194387898.     
   713604365407833.     
   796751602593693.     
   889586926396659.     
   993239142226362.     
  1.108968666275292E+015
  1.238182672063537E+015
  1.382452305710544E+015
  1.543531909673120E+015
  1.723380061292427E+015
  1.924183584888404E+015
  2.148384220635722E+015
  2.398708086665320E+015
  2.678198997467664E+015
  2.990255453925661E+015
  3.338671835121781E+015
  3.727684758539500E+015
  4.162024440042814E+015
  4.646972163120326E+015
  5.188424661820094E+015
  5.792965747700733E+015
  6.467946297616418E+015
  7.221573752719163E+015
  8.063011792055816E+015
  9.002491924238563E+015
  1.005143775429595E+016
  1.122260381204959E+016
  1.253023081412358E+016
  1.399021890918394E+016
  1.562032112398769E+016
  1.744035840043180E+016
  1.947246155413000E+016
  2.174133965842305E+016
  2.427458117981031E+016
  2.710298946371844E+016
  3.026095570361019E+016
  3.378687958796121E+016
  3.772363451936690E+016
  4.211908928162279E+016
  4.702669068918067E+016
  5.250611264463108E+016
  5.862398145399502E+016
  6.545468758041769E+016
  7.308128895412827E+016
  8.159652114621094E+016
  9.110392546894042E+016
  1.017191058630718E+017
  1.135711400511345E+017
  1.268041421084911E+017
  1.415790124559428E+017
  1.580754068825304E+017
