         150
   1130652000000.0000     
   1130895400000.0000     
   1131138900000.0000     
   1131382400000.0000     
   1131626000000.0000     
   1131869600000.0000     
   1132113300000.0000     
   1132357000000.0000     
   1132600800000.0000     
   1132844500000.0000     
   1133088500000.0000     
   1133332400000.0000     
   1133576500000.0000     
   1133820500000.0000     
   1134064600000.0000     
   1134308800000.0000     
   1134552900000.0000     
   1136508400000.0000     
   1138467300000.0000     
   1140429600000.0000     
   1142395100000.0000     
   1144364200000.0000     
   1146336600000.0000     
   1148312400000.0000     
   1150291500000.0000     
   1152274100000.0000     
   1154260300000.0000     
   1156249700000.0000     
   1158242500000.0000     
   1160238900000.0000     
   1162238600000.0000     
   1178361400000.0000     
   1194707800000.0000     
   1211280900000.0000     
   1228084000000.0000     
   1245120000000.0000     
   1262392500000.0000     
   1279904600000.0000     
   1297659600000.0000     
   1315660800000.0000     
   1333911900000.0000     
   1352416000000.0000     
   1371176800000.0000     
   1390198000000.0000     
   1409483000000.0000     
   1573712100000.0000     
   1757076800000.0000     
   1961806600000.0000     
   2190390900000.0000     
   2445609300000.0000     
   2730565000000.0000     
   3048723000000.0000     
   3403951800000.0000     
   3800571000000.0000     
   4243403200000.0000     
   4737832900000.0000     
   5289872300000.0000     
   5906233800000.0000     
   6594412000000.0000     
   7362774900000.0000     
   8220665400000.0000     
   9178514800000.0000     
   10247970000000.000     
   11442036000000.000     
   12775231000000.000     
   14263766000000.000     
   15925741000000.000     
   17781365000000.000     
   19853201000000.000     
   22166441000000.000     
   24749215000000.000     
   27632926000000.000     
   30852639000000.000     
   34447504000000.000     
   38461233000000.000     
   42942631000000.000     
   47946189000000.000     
   53532748000000.000     
   59770238000000.000     
   66734503000000.000     
   74510225000000.000     
   83191953000000.000     
   92885252000000.000     
   103707990000000.00     
   115791760000000.00     
   129283500000000.00     
   144347260000000.00     
   161166210000000.00     
   179944860000000.00     
   200911540000000.00     
   224321200000000.00     
   250458500000000.00     
   279641240000000.00     
   312224270000000.00     
   348603790000000.00     
   389222150000000.00     
   434573260000000.00     
   485208550000000.00     
   541743720000000.00     
   604866220000000.00     
   675343580000000.00     
   754032770000000.00     
   841890620000000.00     
   939985410000000.00     
   1049509900000000.0     
   1171796000000000.0     
   1308330400000000.0     
   1460773500000000.0     
   1630978900000000.0     
   1821016100000000.0     
   2033195900000000.0     
   2270098400000000.0     
   2534604000000000.0     
   2829929200000000.0     
   3159664800000000.0     
   3527820300000000.0     
   3938872300000000.0     
   4397819000000000.0     
   4910240800000000.0     
   5482368700000000.0     
   6121159300000000.0     
   6834380100000000.0     
   7630703400000000.0     
   8519812100000000.0     
   9512517400000000.0     
   10620890000000000.     
   11858407000000000.     
   13240116000000000.     
   14782818000000000.     
   16505272000000000.     
   18428421000000000.     
   20575651000000000.     
   22973069000000000.     
   25649829000000000.     
   28638477000000000.     
   31975354000000000.     
   35701035000000000.     
   39860822000000000.     
   44505296000000000.     
   49690932000000000.     
   55480784000000000.     
   61945253000000000.     
   69162945000000000.     
   77221622000000000.     
   86219275000000000.     
   96265310000000000.     
  1.07481880000000000E+017
  1.20005380000000000E+017
  1.33988080000000000E+017
  1.49600000000000000E+017
  
   1130530319645.6118     
   1130773693450.9929     
   1131017143447.0215     
   1131260643448.4319     
   1131504193444.4609     
   1131747793445.8718     
   1131991443441.9016     
   1132235143443.3132     
   1132478893439.3435     
   1132722643446.1350     
   1132966493431.4033     
   1133210443438.1992     
   1133454443428.8481     
   1133698493435.6445     
   1133942543431.6768     
   1134186693427.7090     
   1134430843434.5039     
   1135530229053.5291     
   1137487428315.2847     
   1139448027578.3008     
   1141411926928.6438     
   1143379226108.0398     
   1145349975417.8721     
   1147324074685.8928     
   1149301523998.2065     
   1151282373225.6782     
   1153266772411.4097     
   1155254571770.6162     
   1157245671044.9385     
   1159240270234.4541     
   1161238319554.4058     
   1170272234922.3022     
   1186506449960.9431     
   1202965809664.1899     
   1219653513419.1187     
   1236572662676.9653     
   1253726505103.8843     
   1271118392501.4617     
   1288751524256.7747     
   1306629200448.1150     
   1324754919780.8325     
   1343132084402.1262     
   1361764092326.1267     
   1380654643640.6174     
   1399807289463.0889     
   1489335573953.8018     
   1662868912689.5361     
   1856621895526.0869     
   2072950391157.4778     
   2314484900723.1328     
   2584162370721.7974     
   2885261915059.8789     
   3221444729240.5000     
   3596798645528.7988     
   4015887839971.0317     
   4483808123562.5234     
   5006249196727.8926     
   5589563719642.5039     
   6240844417667.0195     
   6968010559252.8203     
   7779904168331.2822     
   8686397356772.7100     
   9698512479496.8418     
   10828556767497.689     
   12090271006487.654     
   13498996465661.660     
   15071862625455.621     
   16827994937498.197     
   18788746988539.844     
   20977960068310.766     
   23422254675709.914     
   26151352291097.492     
   29198436437448.395     
   32600558359682.367     
   36399086219470.289     
   40640208372054.680     
   45375494510619.484     
   50662523163551.305     
   56565582192301.563     
   63156449608268.148     
   70515266671786.578     
   78731512980632.000     
   87905093815871.422     
   98147556187423.641     
   109583441669635.47     
   122351804252981.89     
   136607902363699.30     
   152525082586716.22     
   170296891032046.16     
   190139419736372.41     
   212293941851028.81     
   237029853120234.63     
   264647927459370.06     
   295483979296500.63     
   329912964055648.00     
   368353521283492.69     
   411273070586573.88     
   459193490103434.50     
   512697459378146.31     
   572435565042161.25     
   639134194387898.25     
   713604365407833.38     
   796751602593692.63     
   889586926396658.63     
   993239142226361.88     
   1108968666275292.0     
   1238182672063536.8     
   1382452305710544.3     
   1543531909673120.5     
   1723380061292427.3     
   1924183584888404.0     
   2148384220635722.3     
   2398708086665320.0     
   2678198997467664.0     
   2990255453925661.0     
   3338671835121781.0     
   3727684758539500.0     
   4162024440042814.0     
   4646972163120326.0     
   5188424661820094.0     
   5792965747700733.0     
   6467946297616418.0     
   7221573752719163.0     
   8063011792055816.0     
   9002491924238563.0     
   10051437754295950.     
   11222603812049590.     
   12530230814123576.     
   13990218909183944.     
   15620321123987688.     
   17440358400431798.     
   19472461554130004.     
   21741339658423052.     
   24274581179810312.     
   27102989463718444.     
   30260955703610188.     
   33786879587961212.     
   37723634519366904.     
   42119089281622792.     
   47026690689180672.     
   52506112644631080.     
   58623981453995016.     
   65454687580417688.     
   73081288954128272.     
   81596521146210944.     
   91103925468940416.     
  1.01719105863071760E+017
  1.13571140051134464E+017
  1.26804142108491072E+017
  1.41579012455942768E+017
  1.58075406882530432E+017
