         130
  
  0.2997900000000E+11   0.1999634957691E-21
  0.3951065000000E+11   0.4462319176188E-21
  0.5207282000000E+11   0.9875357724063E-21
  0.6862907000000E+11   0.2161290238360E-20
  0.9044928000000E+11   0.4660173564309E-20
  0.1192071000000E+12   0.9849322694776E-20
  0.1571083000000E+12   0.1692697223808E-19
  0.2070599000000E+12   0.4507458803161E-19
  0.2728934000000E+12   0.1148674201612E-18
  0.3596583000000E+12   0.3184799121404E-18
  0.4740095000000E+12   0.9473039963260E-18
  0.6247181000000E+12   0.2312937353368E-17
  0.8233436000000E+12   0.3667374105269E-17
  0.1085121000000E+13   0.5479451621219E-17
  0.1430128000000E+13   0.7027922813806E-17
  0.1884829000000E+13   0.8037075830281E-17
  0.2484100000000E+13   0.8119475832340E-17
  0.3273905000000E+13   0.7368245677055E-17
  0.4314823000000E+13   0.5708098477912E-17
  0.5686696000000E+13   0.3543980188169E-17
  0.7494748000000E+13   0.1584444406856E-17
  0.7682951000000E+13   0.1451914665825E-17
  0.7875881000000E+13   0.1309310738224E-17
  0.8073670000000E+13   0.1182590132602E-17
  0.8276411000000E+13   0.1077079584490E-17
  0.8484243000000E+13   0.9623184666609E-18
  0.8697294000000E+13   0.8665664153279E-18
  0.8915695000000E+13   0.7705217930241E-18
  0.9139597000000E+13   0.6799189653020E-18
  0.9369105000000E+13   0.6022800848797E-18
  0.9604376000000E+13   0.5271529226620E-18
  0.9845555000000E+13   0.4608517632174E-18
  0.1009279000000E+14   0.4006610636819E-18
  0.1034625000000E+14   0.3455356038944E-18
  0.1060606000000E+14   0.2977192839799E-18
  0.1087240000000E+14   0.2548995482477E-18
  0.1114542000000E+14   0.2174195969163E-18
  0.1142529000000E+14   0.1827845839393E-18
  0.1171222000000E+14   0.1528743554095E-18
  0.1200633000000E+14   0.1297221503775E-18
  0.1230782000000E+14   0.1071567764195E-18
  0.1261689000000E+14   0.8743632582078E-19
  0.1293372000000E+14   0.7179997347327E-19
  0.1325853000000E+14   0.5961376275825E-19
  0.1359147000000E+14   0.4653967851837E-19
  0.1393277000000E+14   0.3825947233465E-19
  0.1428264000000E+14   0.3116323889853E-19
  0.1464129000000E+14   0.2429773468290E-19
  0.1500899000000E+14   0.1954987026223E-19
  0.1538588000000E+14   0.1556152244844E-19
  0.1577224000000E+14   0.1237866513134E-19
  0.1616830000000E+14   0.1065074728290E-19
  0.1657431000000E+14   0.9037760185178E-20
  0.1699055000000E+14   0.8598793437807E-20
  0.1741720000000E+14   0.8114840349523E-20
  0.1785458000000E+14   0.7844310722528E-20
  0.1830293000000E+14   0.7905304528438E-20
  0.1876254000000E+14   0.7508197205033E-20
  0.1923373000000E+14   0.7415713007531E-20
  0.1971671000000E+14   0.7190192131233E-20
  0.2021183000000E+14   0.7009772309863E-20
  0.2071937000000E+14   0.6369445923597E-20
  0.2123967000000E+14   0.5473201558382E-20
  0.2177306000000E+14   0.4600518326406E-20
  0.2231981000000E+14   0.3548917839569E-20
  0.2288030000000E+14   0.2612646027159E-20
  0.2345485000000E+14   0.1879474093584E-20
  0.2404384000000E+14   0.1376269383544E-20
  0.2464766000000E+14   0.1066894510467E-20
  0.2526659000000E+14   0.7493079890711E-21
  0.2590107000000E+14   0.4799414497049E-21
  0.2655148000000E+14   0.3285179529897E-21
  0.2721822000000E+14   0.2093081935247E-21
  0.2790176000000E+14   0.1588508864675E-21
  0.2860242000000E+14   0.8902277981760E-22
  0.2932066000000E+14   0.5593024014411E-22
  0.3005694000000E+14   0.5342079114200E-22
  0.3081172000000E+14   0.5404929823015E-22
  0.3158550000000E+14   0.4069782402986E-22
  0.3237866000000E+14   0.5660730839914E-22
  0.3319173000000E+14   0.1254571645261E-21
  0.3402522000000E+14   0.3245698882447E-21
  0.3487963000000E+14   0.5970505086019E-21
  0.3575558000000E+14   0.1001414815492E-20
  0.3665345000000E+14   0.1911292097265E-20
  0.3757387000000E+14   0.3522512938294E-20
  0.3851740000000E+14   0.5306576689523E-20
  0.3948462000000E+14   0.6555249516419E-20
  0.4047621000000E+14   0.7057882760296E-20
  0.4149263000000E+14   0.7314893035398E-20
  0.4253456000000E+14   0.6936922370083E-20
  0.4360266000000E+14   0.6103708905182E-20
  0.4469759000000E+14   0.5703908833669E-20
  0.4582009000000E+14   0.6372729402432E-20
  0.4697070000000E+14   0.5583068485443E-20
  0.4815019000000E+14   0.5263043571361E-20
  0.4935931000000E+14   0.5282515965947E-20
  0.5059879000000E+14   0.5211617600494E-20
  0.5186949000000E+14   0.5016651437920E-20
  0.5317201000000E+14   0.4970130629699E-20
  0.5450723000000E+14   0.4605413622858E-20
  0.6258446000000E+14   0.3858635764002E-20
  0.7185862000000E+14   0.3412261141276E-20
  0.8250724000000E+14   0.2677339198035E-20
  0.9473368000000E+14   0.2280024834359E-20
  0.1087719000000E+15   0.1566476049836E-20
  0.1248904000000E+15   0.1191627568725E-20
  0.1433975000000E+15   0.7531185418639E-21
  0.1646470000000E+15   0.4880266543870E-21
  0.1890455000000E+15   0.2826661567130E-21
  0.2170594000000E+15   0.7758001217703E-22
  0.2492247000000E+15   0.3548684199798E-22
  0.2861575000000E+15   0.9292968302625E-23
  0.3285621000000E+15   0.2771373733491E-23
  0.3772505000000E+15   0.1316115172105E-24
  0.4331539000000E+15   0.2647717986507E-25
  0.4973413000000E+15   0.2531611478964E-25
  0.5710405000000E+15   0.1745274808846E-28
  0.6556609000000E+15   0.2672130130415E-27
  0.7528209000000E+15   0.1593804955179E-32
  0.8643787000000E+15   0.6273431782167E-34
  0.9924678000000E+15   0.7661437222111E-37
  0.1139538000000E+16   0.4144816778761E-41
  0.1308407000000E+16   0.1158409600065E-45
  0.1502295000000E+16   0.1345382852797E-50
  0.1724914000000E+16   0.2422280918672E-52
  0.1980523000000E+16   0.1916516905858E-54
  0.2274010000000E+16   0.2795664314916E-56
  0.2610987000000E+16   0.1748656828724E-58
  0.2997899000000E+16   0.1197333366146E-61
