         200           1
  0.15707969999999999     
  0.25045137000000001     
  0.34382302999999997     
  0.43719469999999999     
  0.53056636999999995     
  0.62393803999999997     
  0.71730970999999999     
  0.81068138000000001     
  0.90405303999999997     
  0.99742470999999999     
   1.0907964000000001     
   1.0933294000000000     
   1.0958623000000001     
   1.0983953000000000     
   1.1009283000000001     
   1.1034613000000000     
   1.1059943000000001     
   1.1085273000000000     
   1.1110602000000001     
   1.1135931999999999     
   1.1161262000000001     
   1.1186592000000000     
   1.1211922000000001     
   1.1237250999999999     
   1.1262581000000000     
   1.1287910999999999     
   1.1313241000000001     
   1.1338571000000000     
   1.1363900000000000     
   1.1389229999999999     
   1.1414560000000000     
   1.1439889999999999     
   1.1465220000000000     
   1.1490549999999999     
   1.1515879000000000     
   1.1541208999999999     
   1.1566539000000000     
   1.1591868999999999     
   1.1617199000000000     
   1.1642528000000001     
   1.1667858000000000     
   1.1693188000000001     
   1.1718518000000000     
   1.1743847999999999     
   1.1769178000000000     
   1.1794507000000001     
   1.1819837000000000     
   1.1845167000000001     
   1.1870497000000000     
   1.1895827000000001     
   1.1921155999999999     
   1.1946486000000001     
   1.1971816000000000     
   1.1997146000000001     
   1.2022476000000000     
   1.2047805000000000     
   1.2073134999999999     
   1.2098465000000000     
   1.2123794999999999     
   1.2149125000000001     
   1.2174455000000000     
   1.2199784000000000     
   1.2225113999999999     
   1.2250444000000000     
   1.2275773999999999     
   1.2301104000000000     
   1.2326433000000001     
   1.2351763000000000     
   1.2377092999999999     
   1.2402423000000000     
   1.2427752999999999     
   1.2453083000000000     
   1.2478412000000001     
   1.2503742000000000     
   1.2529072000000001     
   1.2554402000000000     
   1.2579731999999999     
   1.2605061000000000     
   1.2630391000000001     
   1.2655721000000000     
   1.2681051000000001     
   1.2706381000000000     
   1.2731710000000001     
   1.2757039999999999     
   1.2782370000000001     
   1.2807700000000000     
   1.2833030000000001     
   1.2858360000000000     
   1.2883689000000000     
   1.2909018999999999     
   1.2934349000000001     
   1.2959679000000000     
   1.2985009000000001     
   1.3010337999999999     
   1.3035668000000000     
   1.3060997999999999     
   1.3086328000000000     
   1.3111657999999999     
   1.3136988000000001     
   1.3162316999999999     
   1.3187647000000000     
   1.3212976999999999     
   1.3238307000000000     
   1.3263636999999999     
   1.3288966000000000     
   1.3314296000000001     
   1.3339626000000000     
   1.3364955999999999     
   1.3390286000000000     
   1.3415615000000001     
   1.3440945000000000     
   1.3466275000000001     
   1.3491605000000000     
   1.3516935000000001     
   1.3542265000000000     
   1.3567594000000001     
   1.3592924000000000     
   1.3618254000000001     
   1.3643584000000000     
   1.3668914000000001     
   1.3694242999999999     
   1.3719573000000000     
   1.3744902999999999     
   1.3770233000000001     
   1.3795563000000000     
   1.3820893000000001     
   1.3846221999999999     
   1.3871552000000000     
   1.3896881999999999     
   1.3922212000000000     
   1.3947541999999999     
   1.3972871000000000     
   1.3998200999999999     
   1.4023531000000000     
   1.4048860999999999     
   1.4074191000000000     
   1.4099520000000001     
   1.4124850000000000     
   1.4150180000000001     
   1.4175510000000000     
   1.4200839999999999     
   1.4226170000000000     
   1.4251499000000001     
   1.4276829000000000     
   1.4302159000000001     
   1.4327489000000000     
   1.4352819000000001     
   1.4378147999999999     
   1.4403478000000001     
   1.4428808000000000     
   1.4454138000000001     
   1.4479468000000000     
   1.4504798000000001     
   1.4530126999999999     
   1.4555457000000001     
   1.4580786999999999     
   1.4606117000000001     
   1.4631447000000000     
   1.4656776000000000     
   1.4682105999999999     
   1.4707436000000000     
   1.4732765999999999     
   1.4758096000000001     
   1.4783424999999999     
   1.4808755000000000     
   1.4834084999999999     
   1.4859415000000000     
   1.4884744999999999     
   1.4910075000000000     
   1.4935404000000001     
   1.4960734000000000     
   1.4986063999999999     
   1.5011394000000000     
   1.5036723999999999     
   1.5062053000000000     
   1.5087383000000001     
   1.5112713000000000     
   1.5138043000000001     
   1.5163373000000000     
   1.5188702999999999     
   1.5214032000000000     
   1.5239362000000001     
   1.5264692000000000     
   1.5290022000000001     
   1.5315352000000000     
   1.5340681000000000     
   1.5366010999999999     
   1.5391341000000001     
   1.5416671000000000     
   1.5442001000000001     
   1.5467329999999999     
   1.5492660000000000     
   1.5517989999999999     
   1.5543320000000000     
   1.5568649999999999     
   1.5593980000000001     
   1.5619308999999999     
   1.5644639000000000     
   1.5669968999999999     
   1.5695299000000000     
