         401
  0.000000000000000E+000
  0.203765535000000     
  0.297137200000000     
  0.390508865000000     
  0.483880535000000     
  0.577252205000000     
  0.670623875000000     
  0.763995545000000     
  0.857367210000000     
  0.950738875000000     
   1.04411055500000     
   1.09206290000000     
   1.09459585000000     
   1.09712880000000     
   1.09966180000000     
   1.10219480000000     
   1.10472780000000     
   1.10726080000000     
   1.10979375000000     
   1.11232670000000     
   1.11485970000000     
   1.11739270000000     
   1.11992570000000     
   1.12245865000000     
   1.12499160000000     
   1.12752460000000     
   1.13005760000000     
   1.13259060000000     
   1.13512355000000     
   1.13765650000000     
   1.14018950000000     
   1.14272250000000     
   1.14525550000000     
   1.14778850000000     
   1.15032145000000     
   1.15285440000000     
   1.15538740000000     
   1.15792040000000     
   1.16045340000000     
   1.16298635000000     
   1.16551930000000     
   1.16805230000000     
   1.17058530000000     
   1.17311830000000     
   1.17565130000000     
   1.17818425000000     
   1.18071720000000     
   1.18325020000000     
   1.18578320000000     
   1.18831620000000     
   1.19084915000000     
   1.19338210000000     
   1.19591510000000     
   1.19844810000000     
   1.20098110000000     
   1.20351405000000     
   1.20604700000000     
   1.20858000000000     
   1.21111300000000     
   1.21364600000000     
   1.21617900000000     
   1.21871195000000     
   1.22124490000000     
   1.22377790000000     
   1.22631090000000     
   1.22884390000000     
   1.23137685000000     
   1.23390980000000     
   1.23644280000000     
   1.23897580000000     
   1.24150880000000     
   1.24404180000000     
   1.24657475000000     
   1.24910770000000     
   1.25164070000000     
   1.25417370000000     
   1.25670670000000     
   1.25923965000000     
   1.26177260000000     
   1.26430560000000     
   1.26683860000000     
   1.26937160000000     
   1.27190455000000     
   1.27443750000000     
   1.27697050000000     
   1.27950350000000     
   1.28203650000000     
   1.28456950000000     
   1.28710245000000     
   1.28963540000000     
   1.29216840000000     
   1.29470140000000     
   1.29723440000000     
   1.29976735000000     
   1.30230030000000     
   1.30483330000000     
   1.30736630000000     
   1.30989930000000     
   1.31243230000000     
   1.31496525000000     
   1.31749820000000     
   1.32003120000000     
   1.32256420000000     
   1.32509720000000     
   1.32763015000000     
   1.33016310000000     
   1.33269610000000     
   1.33522910000000     
   1.33776210000000     
   1.34029505000000     
   1.34282800000000     
   1.34536100000000     
   1.34789400000000     
   1.35042700000000     
   1.35296000000000     
   1.35549295000000     
   1.35802590000000     
   1.36055890000000     
   1.36309190000000     
   1.36562490000000     
   1.36815785000000     
   1.37069080000000     
   1.37322380000000     
   1.37575680000000     
   1.37828980000000     
   1.38082280000000     
   1.38335575000000     
   1.38588870000000     
   1.38842170000000     
   1.39095470000000     
   1.39348770000000     
   1.39602065000000     
   1.39855360000000     
   1.40108660000000     
   1.40361960000000     
   1.40615260000000     
   1.40868555000000     
   1.41121850000000     
   1.41375150000000     
   1.41628450000000     
   1.41881750000000     
   1.42135050000000     
   1.42388345000000     
   1.42641640000000     
   1.42894940000000     
   1.43148240000000     
   1.43401540000000     
   1.43654835000000     
   1.43908130000000     
   1.44161430000000     
   1.44414730000000     
   1.44668030000000     
   1.44921330000000     
   1.45174625000000     
   1.45427920000000     
   1.45681220000000     
   1.45934520000000     
   1.46187820000000     
   1.46441115000000     
   1.46694410000000     
   1.46947710000000     
   1.47201010000000     
   1.47454310000000     
   1.47707605000000     
   1.47960900000000     
   1.48214200000000     
   1.48467500000000     
   1.48720800000000     
   1.48974100000000     
   1.49227395000000     
   1.49480690000000     
   1.49733990000000     
   1.49987290000000     
   1.50240590000000     
   1.50493885000000     
   1.50747180000000     
   1.51000480000000     
   1.51253780000000     
   1.51507080000000     
   1.51760380000000     
   1.52013675000000     
   1.52266970000000     
   1.52520270000000     
   1.52773570000000     
   1.53026870000000     
   1.53280165000000     
   1.53533460000000     
   1.53786760000000     
   1.54040060000000     
   1.54293360000000     
   1.54546655000000     
   1.54799950000000     
   1.55053250000000     
   1.55306550000000     
   1.55559850000000     
   1.55813150000000     
   1.56066445000000     
   1.56319740000000     
   1.56573040000000     
   1.56826340000000     
   1.57079632679500     
   1.57332925359000     
   1.57586225359000     
   1.57839525359000     
   1.58092820359000     
   1.58346115359000     
   1.58599415359000     
   1.58852715359000     
   1.59106015359000     
   1.59359315359000     
   1.59612610359000     
   1.59865905359000     
   1.60119205359000     
   1.60372505359000     
   1.60625805359000     
   1.60879100359000     
   1.61132395359000     
   1.61385695359000     
   1.61638995359000     
   1.61892295359000     
   1.62145590359000     
   1.62398885359000     
   1.62652185359000     
   1.62905485359000     
   1.63158785359000     
   1.63412085359000     
   1.63665380359000     
   1.63918675359000     
   1.64171975359000     
   1.64425275359000     
   1.64678575359000     
   1.64931870359000     
   1.65185165359000     
   1.65438465359000     
   1.65691765359000     
   1.65945065359000     
   1.66198365359000     
   1.66451660359000     
   1.66704955359000     
   1.66958255359000     
   1.67211555359000     
   1.67464855359000     
   1.67718150359000     
   1.67971445359000     
   1.68224745359000     
   1.68478045359000     
   1.68731345359000     
   1.68984640359000     
   1.69237935359000     
   1.69491235359000     
   1.69744535359000     
   1.69997835359000     
   1.70251135359000     
   1.70504430359000     
   1.70757725359000     
   1.71011025359000     
   1.71264325359000     
   1.71517625359000     
   1.71770920359000     
   1.72024215359000     
   1.72277515359000     
   1.72530815359000     
   1.72784115359000     
   1.73037415359000     
   1.73290710359000     
   1.73544005359000     
   1.73797305359000     
   1.74050605359000     
   1.74303905359000     
   1.74557200359000     
   1.74810495359000     
   1.75063795359000     
   1.75317095359000     
   1.75570395359000     
   1.75823690359000     
   1.76076985359000     
   1.76330285359000     
   1.76583585359000     
   1.76836885359000     
   1.77090185359000     
   1.77343480359000     
   1.77596775359000     
   1.77850075359000     
   1.78103375359000     
   1.78356675359000     
   1.78609970359000     
   1.78863265359000     
   1.79116565359000     
   1.79369865359000     
   1.79623165359000     
   1.79876465359000     
   1.80129760359000     
   1.80383055359000     
   1.80636355359000     
   1.80889655359000     
   1.81142955359000     
   1.81396250359000     
   1.81649545359000     
   1.81902845359000     
   1.82156145359000     
   1.82409445359000     
   1.82662740359000     
   1.82916035359000     
   1.83169335359000     
   1.83422635359000     
   1.83675935359000     
   1.83929235359000     
   1.84182530359000     
   1.84435825359000     
   1.84689125359000     
   1.84942425359000     
   1.85195725359000     
   1.85449020359000     
   1.85702315359000     
   1.85955615359000     
   1.86208915359000     
   1.86462215359000     
   1.86715515359000     
   1.86968810359000     
   1.87222105359000     
   1.87475405359000     
   1.87728705359000     
   1.87982005359000     
   1.88235300359000     
   1.88488595359000     
   1.88741895359000     
   1.88995195359000     
   1.89248495359000     
   1.89501790359000     
   1.89755085359000     
   1.90008385359000     
   1.90261685359000     
   1.90514985359000     
   1.90768285359000     
   1.91021580359000     
   1.91274875359000     
   1.91528175359000     
   1.91781475359000     
   1.92034775359000     
   1.92288070359000     
   1.92541365359000     
   1.92794665359000     
   1.93047965359000     
   1.93301265359000     
   1.93554565359000     
   1.93807860359000     
   1.94061155359000     
   1.94314455359000     
   1.94567755359000     
   1.94821055359000     
   1.95074350359000     
   1.95327645359000     
   1.95580945359000     
   1.95834245359000     
   1.96087545359000     
   1.96340840359000     
   1.96594135359000     
   1.96847435359000     
   1.97100735359000     
   1.97354035359000     
   1.97607335359000     
   1.97860630359000     
   1.98113925359000     
   1.98367225359000     
   1.98620525359000     
   1.98873825359000     
   1.99127120359000     
   1.99380415359000     
   1.99633715359000     
   1.99887015359000     
   2.00140315359000     
   2.00393615359000     
   2.00646910359000     
   2.00900205359000     
   2.01153505359000     
   2.01406805359000     
   2.01660105359000     
   2.01913400359000     
   2.02166695359000     
   2.02419995359000     
   2.02673295359000     
   2.02926595359000     
   2.03179890359000     
   2.03433185359000     
   2.03686485359000     
   2.03939785359000     
   2.04193085359000     
   2.04446385359000     
   2.04699680359000     
   2.04952975359000     
   2.09748209859000     
   2.19085377859000     
   2.28422544359000     
   2.37759710859000     
   2.47096877859000     
   2.56434044859000     
   2.65771211859000     
   2.75108378859000     
   2.84445545359000     
   2.93782711859000     
   3.14159250259399     
