141   41.110982 9.880E-19 2.401E-02.10370.000    0.00000.570.012000              0              0                    R  0      685000 4 2 4 0 0 0    12.0    4.0
141   79.085900 2.550E-26 2.181E-01.08940.000 4000.98960.540.005000              1              1                    R  1      685000 4 2 4 0 0 0    20.0   12.0
141   82.171117 5.880E-18 2.300E-01.08940.000   41.11100.540.005000              0              0                    R  1      685000 4 2 4 0 0 0    20.0   12.0
141  118.500200 5.360E-26 7.869E-01.07150.000 4080.07550.470.000000              1              1                    R  2      685000 4 2 4 0 0 0    28.0   20.0
141  123.129677 1.210E-17 8.277E-01.07150.000  123.28210.470.000000              0              0                    R  2      685000 4 2 4 0 0 0    28.0   20.0
141  157.772400 6.540E-26 1.925E+00.05030.000 4198.57570.520.000000              1              1                    R  3      685000 4 2 4 0 0 0    36.0   28.0
141  163.936166 1.440E-17 2.026E+00.05030.000  246.41180.520.000000              0              0                    R  3      685000 4 2 4 0 0 0    36.0   28.0
141  196.845900 5.460E-26 3.833E+00.03260.000 4356.34810.33-.010000              1              1                    R  4      585000 4 2 4 0 0 0    44.0   36.0
141  204.540440 1.160E-17 4.021E+00.03260.000  410.34790.33-.010000              0              0                    R  4      585000 4 2 4 0 0 0    44.0   36.0
141  235.674000 3.340E-26 6.686E+00.02170.000 4553.19400.52-.010000              1              1                    R  5      582000 4 2 4 0 0 0    52.0   44.0
141  244.892830 6.830E-18 7.025E+00.02170.000  614.88840.52-.010000              0              0                    R  5      582000 4 2 4 0 0 0    52.0   44.0
141  274.209000 1.560E-26 1.067E+01.01560.000 4788.86800.74-.015000              1              1                    R  6      482000 4 2 4 0 0 0    60.0   52.0
141  284.944440 3.040E-18 1.120E+01.01560.000  859.78120.74-.015000              0              0                    R  6      482000 4 2 4 0 0 0    60.0   52.0
141  324.646140 1.050E-18 1.672E+01.01390.000 1144.72540.85-.015000              0              0                    R  7      482000 4 2 4 0 0 0    68.0   60.0
141  363.951030 2.850E-19 2.366E+01.02500.000 1469.37150.50-.020000              0              0                    R  8      482000 4 2 4 0 0 0    76.0   68.0
141  402.812120 6.190E-20 3.226E+01.02000.000 1833.32250.50-.020000              0              0                    R  9      482000 4 2 4 0 0 0    84.0   76.0
141  441.183650 1.110E-20 4.367E+01.01500.000 2236.13460.50-.020000              0              0                    R 10      482000 4 2 4 0 0 0    92.0   84.0
141  479.020950 1.580E-21 5.630E+01.01200.000 2677.31830.50-.020000              0              0                    R 11      482000 4 2 4 0 0 0   100.0   92.0
141  516.280500 1.830E-22 7.070E+01.01000.000 3156.33920.50-.020000              0              0                    R 12      482000 4 2 4 0 0 0   108.0  100.0
141  552.920040 1.740E-23 8.704E+01.01000.000 3672.61970.50-.020000              0              0                    R 13      482000 4 2 4 0 0 0   116.0  108.0
141  588.898620 1.370E-24 1.056E+02.01000.000 4225.53970.50-.020000              0              0                    R 14      482000 4 2 4 0 0 0   124.0  116.0
141  624.176700 8.900E-26 1.256E+02.01000.000 4814.43830.50-.020000              0              0                    R 15      482000 4 2 4 0 0 0   132.0  124.0
141 3269.779100 4.174E-26 1.074E+02.01000.075 4225.53970.50-.025000              1              0                    P 14      462000 2 1 2 0 0 0   108.0  116.0
141 3326.016500 5.578E-25 1.091E+02.01000.077 3672.61970.50-.025000              1              0                    P 13      462000 2 1 2 0 0 0   100.0  108.0
141 3381.430500 6.189E-24 1.106E+02.01000.080 3156.33920.50-.025000              1              0                    P 12      462000 2 1 2 0 0 0    92.0  100.0
141 3435.963900 5.679E-23 1.119E+02.01000.085 2677.31830.50-.025000              1              0                    P 11      462000 2 1 2 0 0 0    84.0   92.0
141 3489.559200 4.292E-22 1.129E+02.01000.090 2236.13460.50-.024000              1              0                    P 10      462000 2 1 2 0 0 0    76.0   84.0
141 3542.159000 2.660E-21 1.137E+02.01030.102 1833.32250.50-.023100              1              0                    P  9      467000 2 1 2 0 0 0    68.0   76.0
141 3593.705900 1.346E-20 1.145E+02.01160.114 1469.37150.50-.021600              1              0                    P  8      467000 2 1 2 0 0 0    60.0   68.0
141 3644.142800 5.528E-20 1.151E+02.01450.160 1144.72540.40-.019200              1              0                    P  7      467000 2 1 2 0 0 0    52.0   60.0
141 3666.356500 1.379E-26 2.113E+02.07270.705 4198.57570.44-.009800              2              1                    P  3      467000 2 1 2 0 0 0    20.0   28.0
141 3693.412900 1.831E-19 1.159E+02.02040.229  859.78120.36-.015300              1              0                    P  6      467000 2 1 2 0 0 0    44.0   52.0
141 3708.781200 1.570E-26 2.307E+02.08970.730 4080.07550.58-.007300              2              1                    P  2      467000 2 1 2 0 0 0    12.0   20.0
141 3741.459800 4.846E-19 1.170E+02.03100.367  614.88840.22-.010900              1              0                    P  5      467000 2 1 2 0 0 0    36.0   44.0
141 3749.805300 1.105E-26 3.390E+02.10280.657 4000.98960.60-.008500              2              1                    P  1      467000 2 1 2 0 0 0     4.0   12.0
141 3788.227700 1.011E-18 1.190E+02.05020.542  410.34790.50-.009200              1              0                    P  4      467000 2 1 2 0 0 0    28.0   36.0
141 3827.433800 1.224E-26 1.076E+02.10500.601 3961.42290.550.001900              2              1                    R  0      467000 2 1 2 0 0 0    12.0    4.0
141 3833.661600 1.619E-18 1.232E+02.07270.705  246.41180.44-.009800              1              0                    P  3      467000 2 1 2 0 0 0    20.0   28.0
141 3863.942600 1.926E-26 1.255E+02.08950.664 4000.98960.51-.002300              2              1                    R  1      467000 2 1 2 0 0 0    20.0   12.0
141 3877.707500 1.888E-18 1.346E+02.08970.730  123.28210.58-.007300              1              0                    P  2      467000 2 1 2 0 0 0    12.0   20.0
141 3898.849500 1.871E-26 1.302E+02.07050.653 4080.07550.49-.006300              2              1                    R  2      467000 2 1 2 0 0 0    28.0   20.0
141 3920.311900 1.351E-18 1.981E+02.10280.657   41.11100.60-.008500              1              0                    P  1      467000 2 1 2 0 0 0     4.0   12.0
141 3932.115300 1.332E-26 1.304E+02.05050.531 4198.57570.55-.016700              2              1                    R  3      467000 2 1 2 0 0 0    36.0   28.0
141 4000.989400 1.514E-18 6.311E+01.10500.601    0.00000.550.001900              1              0                    R  0      467000 2 1 2 0 0 0    12.0    4.0
141 4038.962500 2.369E-18 7.374E+01.08950.664   41.11100.51-.002300              1              0                    R  1      467000 2 1 2 0 0 0    20.0   12.0
141 4075.293600 2.273E-18 7.671E+01.07050.653  123.28210.49-.006300              1              0                    R  2      467000 2 1 2 0 0 0    28.0   20.0
141 4109.936300 1.585E-18 7.698E+01.05050.531  246.41180.55-.016700              1              0                    R  3      467000 2 1 2 0 0 0    36.0   28.0
141 4142.846000 8.486E-19 7.602E+01.03420.378  410.34790.43-.024000              1              0                    R  4      467000 2 1 2 0 0 0    44.0   36.0
141 4173.979600 3.571E-19 7.426E+01.02300.244  614.88840.65-.027000              1              0                    R  5      467000 2 1 2 0 0 0    52.0   44.0
141 4203.296000 1.198E-19 7.199E+01.01680.160  859.78121.00-.027900              1              0                    R  6      467000 2 1 2 0 0 0    60.0   52.0
141 4230.756000 3.233E-20 6.938E+01.01390.118 1144.72540.85-.028500              1              0                    R  7      467000 2 1 2 0 0 0    68.0   60.0
141 4256.322500 7.062E-21 6.650E+01.01200.089 1469.37150.50-.028800              1              0                    R  8      467000 2 1 2 0 0 0    76.0   68.0
141 4279.964000 1.254E-21 6.336E+01.01100.080 1833.32250.50-.029000              1              0                    R  9      462000 2 1 2 0 0 0    84.0   76.0
141 4301.636600 1.820E-22 6.009E+01.01000.077 2236.13460.50-.029000              1              0                    R 10      462000 2 1 2 0 0 0    92.0   84.0
141 4321.320300 2.166E-23 5.669E+01.01000.075 2677.31830.50-.029000              1              0                    R 11      462000 2 1 2 0 0 0   100.0   92.0
141 4338.982700 2.121E-24 5.317E+01.01000.075 3156.33920.50-.029000              1              0                    R 12      462000 2 1 2 0 0 0   108.0  100.0
141 4354.597500 1.715E-25 4.959E+01.01000.075 3672.61970.50-.029000              1              0                    R 13      462000 2 1 2 0 0 0   116.0  108.0
141 4368.140000 1.149E-26 4.596E+01.01000.075 4225.53970.50-.029000              1              0                    R 14      462000 2 1 2 0 0 0   124.0  116.0
141 6999.286300 1.374E-26 1.191E+01.02000.075 3672.61970.500.000000              2              0                    P 13      354000 2 1 3 0 0 0   100.0  108.0
141 7072.395700 1.542E-25 1.206E+01.02000.075 3156.33920.500.000000              2              0                    P 12      354000 2 1 3 0 0 0    92.0  100.0
141 7143.202600 1.431E-24 1.218E+01.02000.080 2677.31830.500.000000              2              0                    P 11      354000 2 1 3 0 0 0    84.0   92.0
141 7211.636300 1.096E-23 1.231E+01.02000.080 2236.13460.500.000000              2              0                    P 10      354000 2 1 3 0 0 0    76.0   84.0
141 7277.623500 6.887E-23 1.243E+01.02000.090 1833.32250.500.000000              2              0                    P  9      354000 2 1 3 0 0 0    68.0   76.0
141 7341.103600 3.537E-22 1.255E+01.02000.120 1469.37150.500.000000              2              0                    P  8      354000 2 1 3 0 0 0    60.0   68.0
141 7402.003200 1.476E-21 1.268E+01.02500.210 1144.72540.500.000000              2              0                    P  7      354000 2 1 3 0 0 0    52.0   60.0
141 7460.257400 4.975E-21 1.284E+01.03000.270  859.78120.500.000000              2              0                    P  6      354000 2 1 3 0 0 0    44.0   52.0
141 7515.802600 1.341E-20 1.306E+01.04000.390  614.88840.500.000000              2              0                    P  5      354000 2 1 3 0 0 0    36.0   44.0
141 7568.576900 2.850E-20 1.339E+01.06000.480  410.34790.500.000000              2              0                    P  4      354000 2 1 3 0 0 0    28.0   36.0
141 7618.520300 4.661E-20 1.400E+01.07700.580  246.41180.500.000000              2              0                    P  3      354000 2 1 3 0 0 0    20.0   28.0
141 7665.574500 5.555E-20 1.548E+01.08500.590  123.28210.500.000000              2              0                    P  2      354000 2 1 3 0 0 0    12.0   20.0
141 7709.683900 4.067E-20 2.306E+01.09000.510   41.11100.500.000000              2              0                    P  1      354000 2 1 3 0 0 0     4.0   12.0
141 7788.856200 4.787E-20 7.562E+00.09000.460    0.00000.500.000000              2              0                    R  0      354000 2 1 3 0 0 0    12.0    4.0
141 7823.821200 7.693E-20 8.985E+00.08500.520   41.11100.500.000000              2              0                    R  1      354000 2 1 3 0 0 0    20.0   12.0
141 7855.642800 7.592E-20 9.520E+00.07700.530  123.28210.500.000000              2              0                    R  2      354000 2 1 3 0 0 0    28.0   20.0
141 7884.279000 5.456E-20 9.752E+00.06000.470  246.41180.500.000000              2              0                    R  3      354000 2 1 3 0 0 0    36.0   28.0
141 7909.690400 3.013E-20 9.838E+00.04000.390  410.34790.500.000000              2              0                    R  4      354000 2 1 3 0 0 0    44.0   36.0
141 7931.840100 1.311E-20 9.844E+00.03000.300  614.88840.500.000000              2              0                    R  5      354000 2 1 3 0 0 0    52.0   44.0
141 7950.694600 4.555E-21 9.794E+00.02500.210  859.78120.500.000000              2              0                    R  6      354000 2 1 3 0 0 0    60.0   52.0
141 7966.223300 1.275E-21 9.701E+00.02000.160 1144.72540.500.000000              2              0                    R  7      354000 2 1 3 0 0 0    68.0   60.0
141 7978.398500 2.897E-22 9.585E+00.02000.090 1469.37150.500.000000              2              0                    R  8      354000 2 1 3 0 0 0    76.0   68.0
141 7987.195500 5.364E-23 9.439E+00.02000.080 1833.32250.500.000000              2              0                    R  9      354000 2 1 3 0 0 0    84.0   76.0
141 7992.600500 8.135E-24 9.273E+00.02000.080 2236.13460.500.000000              2              0                    R 10      354000 2 1 3 0 0 0    92.0   84.0
141 7993.147000 1.044E-25 8.882E+00.02000.075 3156.33920.500.000000              2              0                    R 12      354000 2 1 3 0 0 0   108.0  100.0
141 7994.587700 1.015E-24 9.092E+00.02000.075 2677.31830.500.000000              2              0                    R 11      354000 2 1 3 0 0 0   100.0   92.0
14110684.510000 3.229E-26 6.150E-01.02000.080 2677.31830.500.000000              3              0                    P 11      252000 2 1 3 0 0 0    84.0   92.0
14110767.570000 2.502E-25 6.266E-01.02000.080 2236.13460.500.000000              3              0                    P 10      252000 2 1 3 0 0 0    76.0   84.0
14110846.740000 1.590E-24 6.374E-01.02000.090 1833.32250.500.000000              3              0                    P  9      252000 2 1 3 0 0 0    68.0   76.0
14110921.950000 8.254E-24 6.483E-01.02000.120 1469.37150.500.000000              3              0                    P  8      252000 2 1 3 0 0 0    60.0   68.0
14110993.130000 3.479E-23 6.592E-01.02500.210 1144.72540.500.000000              3              0                    P  7      252000 2 1 3 0 0 0    52.0   60.0
14111060.200000 1.183E-22 6.712E-01.03000.270  859.78120.500.000000              3              0                    P  6      252000 2 1 3 0 0 0    44.0   52.0
14111123.100000 3.216E-22 6.860E-01.04000.390  614.88840.500.000000              3              0                    P  5      252000 2 1 3 0 0 0    36.0   44.0
14111181.760000 6.889E-22 7.064E-01.06000.480  410.34790.500.000000              3              0                    P  4      252000 2 1 3 0 0 0    28.0   36.0
14111236.110000 1.135E-21 7.416E-01.07700.580  246.41180.500.000000              3              0                    P  3      252000 2 1 3 0 0 0    20.0   28.0
14111286.110000 1.361E-21 8.219E-01.08500.590  123.28210.500.000000              3              0                    P  2      252000 2 1 3 0 0 0    12.0   20.0
14111331.690000 1.002E-21 1.227E+00.09000.510   41.11100.500.000000              3              0                    P  1      252000 2 1 3 0 0 0     4.0   12.0
14111409.390000 1.192E-21 4.041E-01.09000.460    0.00000.500.000000              3              0                    R  0      252000 2 1 3 0 0 0    12.0    4.0
14111441.410000 1.924E-21 4.806E-01.08500.520   41.11100.500.000000              3              0                    R  1      252000 2 1 3 0 0 0    20.0   12.0
14111468.830000 1.906E-21 5.094E-01.07700.530  123.28210.500.000000              3              0                    R  2      252000 2 1 3 0 0 0    28.0   20.0
14111491.590000 1.374E-21 5.217E-01.06000.470  246.41180.500.000000              3              0                    R  3      252000 2 1 3 0 0 0    36.0   28.0
14111503.230000 2.577E-26 4.779E-01.02000.075 2677.31830.500.000000              3              0                    R 11      252000 2 1 3 0 0 0   100.0   92.0
14111509.680000 7.612E-22 5.263E-01.04000.390  410.34790.500.000000              3              0                    R  4      252000 2 1 3 0 0 0    44.0   36.0
14111518.520000 2.068E-25 4.896E-01.02000.080 2236.13460.500.000000              3              0                    R 10      252000 2 1 3 0 0 0    92.0   84.0
14111523.050000 3.319E-22 5.260E-01.03000.300  614.88840.500.000000              3              0                    R  5      252000 2 1 3 0 0 0    52.0   44.0
14111529.010000 1.364E-24 5.001E-01.02000.080 1833.32250.500.000000              3              0                    R  9      252000 2 1 3 0 0 0    84.0   76.0
14111531.690000 1.155E-22 5.224E-01.02500.210  859.78120.500.000000              3              0                    R  6      252000 2 1 3 0 0 0    60.0   52.0
14111534.680000 7.363E-24 5.092E-01.02000.090 1469.37150.500.000000              3              0                    R  8      252000 2 1 3 0 0 0    76.0   68.0
14111535.570000 3.239E-23 5.168E-01.02000.160 1144.72540.500.000000              3              0                    R  7      252000 2 1 3 0 0 0    68.0   60.0
