152   20.240304 1.009E-26 1.126E-03.08940.218 2883.82110.740.001000              1              1                    R  0      485443 6 2 1 1 1 1    24.0    8.0
151   20.270297 3.136E-26 1.130E-03.08940.222 2885.92700.740.001000              1              1                    R  0      485443 6 2 1 1 1 1    24.0    8.0
152   20.846567 4.027E-21 1.136E-03.08940.218    0.00000.690.001000              0              0            1.5     R  0   1.5675443 7 3 0 1 1 1     8.0    8.0
152   20.847016 6.041E-21 1.136E-03.08940.218    0.00000.690.001000              0              0            2.5     R  0   1.5675443 7 3 0 1 1 1    12.0    8.0
152   20.847366 2.014E-21 1.136E-03.08940.218    0.00000.690.001000              0              0            0.5     R  0   1.5675443 7 3 0 1 1 1     4.0    8.0
151   20.877830 1.265E-20 1.141E-03.08940.222    0.00000.690.001000              0              0            1.5     R  0   1.5675443 7 3 0 1 1 1     8.0    8.0
151   20.878402 1.898E-20 1.142E-03.08940.222    0.00000.690.001000              0              0            2.5     R  0   1.5675443 7 3 0 1 1 1    12.0    8.0
151   20.878844 6.325E-21 1.141E-03.08940.222    0.00000.690.001000              0              0            0.5     R  0   1.5675443 7 3 0 1 1 1     4.0    8.0
152   40.468165 6.969E-26 1.080E-02.07930.236 2904.06130.76-.004100              1              1                    R  1      485443 6 2 1 1 1 1    40.0   24.0
151   40.528112 2.166E-25 1.084E-02.07930.238 2906.19720.76-.004100              1              1                    R  1      485443 6 2 1 1 1 1    40.0   24.0
152   41.680789 7.478E-21 3.269E-03.07930.236   20.84700.72-.004100              0              0            2.5     R  1   2.5675443 7 3 0 1 1 1    12.0   12.0
152   41.680789 6.924E-21 4.540E-03.07930.236   20.84740.72-.004100              0              0            1.5     R  1   0.5675443 7 3 0 1 1 1     8.0    4.0
152   41.681121 8.309E-22 5.448E-04.07930.236   20.84700.72-.004100              0              0            1.5     R  1   2.5675443 7 3 0 1 1 1     8.0   12.0
152   41.681213 6.924E-21 9.080E-03.07930.236   20.84740.72-.004100              0              0            0.5     R  1   0.5675443 7 3 0 1 1 1     4.0    4.0
152   41.681252 1.745E-20 7.628E-03.07930.236   20.84660.72-.004100              0              0            2.5     R  1   1.5675443 7 3 0 1 1 1    12.0    8.0
152   41.681252 3.323E-20 1.089E-02.07930.236   20.84700.72-.004100              0              0            3.5     R  1   2.5675443 7 3 0 1 1 1    16.0   12.0
152   41.681574 8.863E-21 5.812E-03.07930.236   20.84660.72-.004100              0              0            1.5     R  1   1.5675443 7 3 0 1 1 1     8.0    8.0
152   41.682015 1.385E-21 1.816E-03.07930.236   20.84660.72-.004100              0              0            0.5     R  1   1.5675443 7 3 0 1 1 1     4.0    8.0
151   41.743356 2.174E-20 4.560E-03.07930.238   20.87880.72-.004100              0              0            1.5     R  1   0.5675443 7 3 0 1 1 1     8.0    4.0
151   41.743356 2.348E-20 3.283E-03.07930.238   20.87840.72-.004100              0              0            2.5     R  1   2.5675443 7 3 0 1 1 1    12.0   12.0
151   41.743776 2.609E-21 5.473E-04.07930.238   20.87840.72-.004100              0              0            1.5     R  1   2.5675443 7 3 0 1 1 1     8.0   12.0
151   41.743894 2.174E-20 9.120E-03.07930.238   20.87880.72-.004100              0              0            0.5     R  1   0.5675443 7 3 0 1 1 1     4.0    4.0
151   41.743942 1.044E-19 1.095E-02.07930.238   20.87840.72-.004100              0              0            3.5     R  1   2.5675443 7 3 0 1 1 1    16.0   12.0
151   41.743942 5.479E-20 7.662E-03.07930.238   20.87780.72-.004100              0              0            2.5     R  1   1.5675443 7 3 0 1 1 1    12.0    8.0
151   41.744342 2.783E-20 5.838E-03.07930.238   20.87780.72-.004100              0              0            1.5     R  1   1.5675443 7 3 0 1 1 1     8.0    8.0
151   41.744909 4.348E-21 1.824E-03.07930.238   20.87780.72-.004100              0              0            0.5     R  1   1.5675443 7 3 0 1 1 1     4.0    8.0
152   60.671150 1.842E-25 3.900E-02.07180.245 2944.52910.72-.004900              1              1                    R  2      485443 6 2 1 1 1 1    56.0   40.0
151   60.760977 5.724E-25 3.918E-02.07180.247 2946.72490.72-.004900              1              1                    R  2      485443 6 2 1 1 1 1    56.0   40.0
152   62.489833 8.895E-21 5.620E-03.07180.245   62.52830.72-.004900              0              0            3.5     R  2   3.5675443 7 3 0 1 1 1    16.0   16.0
152   62.490031 4.448E-22 3.747E-04.07180.245   62.52830.72-.004900              0              0            2.5     R  2   3.5675443 7 3 0 1 1 1    12.0   16.0
152   62.490164 2.179E-20 2.753E-02.07180.245   62.52860.72-.004900              0              0            1.5     R  2   0.5675443 7 3 0 1 1 1     8.0    4.0
152   62.490165 3.487E-20 2.938E-02.07180.245   62.52810.72-.004900              0              0            2.5     R  2   1.5675443 7 3 0 1 1 1    12.0    8.0
152   62.490273 7.784E-20 3.934E-02.07180.245   62.52830.72-.004900              0              0            4.5     R  2   3.5675443 7 3 0 1 1 1    20.0   16.0
152   62.490273 5.337E-20 3.372E-02.07180.245   62.52780.72-.004900              0              0            3.5     R  2   2.5675443 7 3 0 1 1 1    16.0   12.0
152   62.490481 1.139E-20 9.595E-03.07180.245   62.52780.72-.004900              0              0            2.5     R  2   2.5675443 7 3 0 1 1 1    12.0   12.0
152   62.490607 8.718E-21 1.102E-02.07180.245   62.52810.72-.004900              0              0            1.5     R  2   1.5675443 7 3 0 1 1 1     8.0    8.0
152   62.490921 6.228E-22 7.870E-04.07180.245   62.52780.72-.004900              0              0            1.5     R  2   2.5675443 7 3 0 1 1 1     8.0   12.0
151   62.583646 2.792E-20 5.645E-03.07180.247   62.62230.72-.004900              0              0            3.5     R  2   3.5675443 7 3 0 1 1 1    16.0   16.0
151   62.583896 1.396E-21 3.763E-04.07180.247   62.62230.72-.004900              0              0            2.5     R  2   3.5675443 7 3 0 1 1 1    12.0   16.0
151   62.584066 6.842E-20 2.767E-02.07180.247   62.62270.72-.004900              0              0            1.5     R  2   0.5675443 7 3 0 1 1 1     8.0    4.0
151   62.584068 1.095E-19 2.952E-02.07180.247   62.62220.72-.004900              0              0            2.5     R  2   1.5675443 7 3 0 1 1 1    12.0    8.0
151   62.584212 2.443E-19 3.952E-02.07180.247   62.62230.72-.004900              0              0            4.5     R  2   3.5675443 7 3 0 1 1 1    20.0   16.0
151   62.584212 1.675E-19 3.387E-02.07180.247   62.62180.72-.004900              0              0            3.5     R  2   2.5675443 7 3 0 1 1 1    16.0   12.0
151   62.584476 3.574E-20 9.635E-03.07180.247   62.62180.72-.004900              0              0            2.5     R  2   2.5675443 7 3 0 1 1 1    12.0   12.0
151   62.584632 2.736E-20 1.106E-02.07180.247   62.62220.72-.004900              0              0            1.5     R  2   1.5675443 7 3 0 1 1 1     8.0    8.0
151   62.585030 1.955E-21 7.906E-04.07180.247   62.62180.72-.004900              0              0            1.5     R  2   2.5675443 7 3 0 1 1 1     8.0   12.0
152   80.836851 3.103E-25 9.575E-02.06240.237 3005.19970.71-.005600              1              1                    R  3      485443 6 2 1 1 1 1    72.0   56.0
151   80.956445 9.635E-25 9.617E-02.06240.264 3007.48530.71-.005600              1              1                    R  3      485443 6 2 1 1 1 1    72.0   56.0
152   83.261002 8.404E-21 8.042E-03.06240.237  125.01860.66-.005600              0              0            4.5     R  3   4.5675443 7 3 0 1 1 1    20.0   20.0
152   83.261159 2.401E-22 2.872E-04.06240.237  125.01860.66-.005600              0              0            3.5     R  3   4.5675443 7 3 0 1 1 1    16.0   20.0
152   83.261405 5.187E-20 8.272E-02.06240.237  125.01870.66-.005600              0              0            2.5     R  3   1.5675443 7 3 0 1 1 1    12.0    8.0
152   83.261406 6.947E-20 8.309E-02.06240.237  125.01830.66-.005600              0              0            3.5     R  3   2.5675443 7 3 0 1 1 1    16.0   12.0
152   83.261459 9.245E-20 8.846E-02.06240.237  125.01810.66-.005600              0              0            4.5     R  3   3.5675443 7 3 0 1 1 1    20.0   16.0
152   83.261460 1.210E-19 9.649E-02.06240.237  125.01860.66-.005600              0              0            5.5     R  3   4.5675443 7 3 0 1 1 1    24.0   20.0
152   83.261609 1.098E-20 1.313E-02.06240.237  125.01810.66-.005600              0              0            3.5     R  3   3.5675443 7 3 0 1 1 1    16.0   16.0
152   83.261838 8.335E-21 1.329E-02.06240.237  125.01830.66-.005600              0              0            2.5     R  3   2.5675443 7 3 0 1 1 1    12.0   12.0
152   83.262049 3.088E-22 4.925E-04.06240.237  125.01810.66-.005600              0              0            2.5     R  3   3.5675443 7 3 0 1 1 1    12.0   16.0
151   83.385952 2.637E-20 8.079E-03.06240.264  125.20660.66-.005600              0              0            4.5     R  3   4.5675443 7 3 0 1 1 1    20.0   20.0
151   83.386139 7.535E-22 2.886E-04.06240.264  125.20660.66-.005600              0              0            3.5     R  3   4.5675443 7 3 0 1 1 1    16.0   20.0
151   83.386503 2.900E-19 8.885E-02.06240.264  125.20600.66-.005600              0              0            4.5     R  3   3.5675443 7 3 0 1 1 1    20.0   16.0
151   83.386503 2.180E-19 8.349E-02.06240.264  125.20620.66-.005600              0              0            3.5     R  3   2.5675443 7 3 0 1 1 1    16.0   12.0
151   83.386503 3.797E-19 9.694E-02.06240.264  125.20660.66-.005600              0              0            5.5     R  3   4.5675443 7 3 0 1 1 1    24.0   20.0
151   83.386503 1.627E-19 8.308E-02.06240.264  125.20680.66-.005600              0              0            2.5     R  3   1.5675443 7 3 0 1 1 1    12.0    8.0
151   83.386713 3.444E-20 1.319E-02.06240.264  125.20600.66-.005600              0              0            3.5     R  3   3.5675443 7 3 0 1 1 1    16.0   16.0
151   83.387015 2.616E-20 1.336E-02.06240.264  125.20620.66-.005600              0              0            2.5     R  3   2.5675443 7 3 0 1 1 1    12.0   12.0
151   83.387273 9.686E-22 4.946E-04.06240.264  125.20600.66-.005600              0              0            2.5     R  3   3.5675443 7 3 0 1 1 1    12.0   16.0
152  100.952894 3.906E-25 1.909E-01.05370.216 3086.03560.58-.008000              1              1                    R  4      485443 6 2 1 1 1 1    88.0   72.0
151  101.102106 1.212E-24 1.917E-01.05370.237 3088.44080.58-.008000              1              1                    R  4      485443 6 2 1 1 1 1    88.0   72.0
152  103.981790 6.705E-21 1.049E-02.05370.216  208.28000.52-.008000              0              0            5.5     R  4   5.5675443 7 3 0 1 1 1    24.0   24.0
152  103.981901 1.242E-22 2.331E-04.05370.216  208.28000.52-.008000              0              0            4.5     R  4   5.5675443 7 3 0 1 1 1    20.0   24.0
152  103.982225 1.434E-19 1.922E-01.05370.216  208.28000.52-.008000              0              0            6.5     R  4   5.5675443 7 3 0 1 1 1    28.0   24.0
152  103.982225 1.162E-19 1.817E-01.05370.216  208.27960.52-.008000              0              0            5.5     R  4   4.5675443 7 3 0 1 1 1    24.0   20.0
152  103.982225 9.350E-20 1.755E-01.05370.216  208.27970.52-.008000              0              0            4.5     R  4   3.5675443 7 3 0 1 1 1    20.0   16.0
152  103.982225 7.513E-20 1.762E-01.05370.216  208.28020.52-.008000              0              0            3.5     R  4   2.5675443 7 3 0 1 1 1    16.0   12.0
152  103.982352 8.831E-21 1.657E-02.05370.216  208.27960.52-.008000              0              0            4.5     R  4   4.5675443 7 3 0 1 1 1    20.0   20.0
152  103.982636 6.678E-21 1.566E-02.05370.216  208.27970.52-.008000              0              0            3.5     R  4   3.5675443 7 3 0 1 1 1    16.0   16.0
152  103.982791 1.518E-22 3.561E-04.05370.216  208.27960.52-.008000              0              0            3.5     R  4   4.5675443 7 3 0 1 1 1    16.0   20.0
151  104.137701 2.103E-20 1.054E-02.05370.237  208.59310.52-.008000              0              0            5.5     R  4   5.5675443 7 3 0 1 1 1    24.0   24.0
151  104.137851 3.894E-22 2.341E-04.05370.237  208.59310.52-.008000              0              0            4.5     R  4   5.5675443 7 3 0 1 1 1    20.0   24.0
151  104.138258 2.931E-19 1.762E-01.05370.237  208.59270.52-.008000              0              0            4.5     R  4   3.5675443 7 3 0 1 1 1    20.0   16.0
151  104.138258 3.644E-19 1.826E-01.05370.237  208.59250.52-.008000              0              0            5.5     R  4   4.5675443 7 3 0 1 1 1    24.0   20.0
151  104.138258 4.496E-19 1.931E-01.05370.237  208.59310.52-.008000              0              0            6.5     R  4   5.5675443 7 3 0 1 1 1    28.0   24.0
151  104.138258 2.355E-19 1.770E-01.05370.237  208.59330.52-.008000              0              0            3.5     R  4   2.5675443 7 3 0 1 1 1    16.0   12.0
151  104.138427 2.769E-20 1.665E-02.05370.237  208.59250.52-.008000              0              0            4.5     R  4   4.5675443 7 3 0 1 1 1    20.0   20.0
151  104.138795 2.094E-20 1.574E-02.05370.237  208.59270.52-.008000              0              0            3.5     R  4   3.5675443 7 3 0 1 1 1    16.0   16.0
151  104.138986 4.758E-22 3.576E-04.05370.237  208.59250.52-.008000              0              0            3.5     R  4   4.5675443 7 3 0 1 1 1    16.0   20.0
152  121.006950 3.949E-25 3.342E-01.04300.182 3186.98710.35-.010600              1              1                    R  5      485443 6 2 1 1 1 1   104.0   88.0
151  121.185593 1.225E-24 3.358E-01.04300.187 3189.54150.35-.010600              1              1                    R  5      485443 6 2 1 1 1 1   104.0   88.0
152  124.639635 4.638E-21 1.293E-02.04300.182  312.26220.35-.010600              0              0            6.5     R  5   6.5675443 7 3 0 1 1 1    28.0   28.0
152  124.639732 6.025E-23 1.959E-04.04300.182  312.26220.35-.010600              0              0            5.5     R  5   6.5675443 7 3 0 1 1 1    24.0   28.0
152  124.640082 9.717E-20 3.160E-01.04300.182  312.26190.35-.010600              0              0            5.5     R  5   4.5675443 7 3 0 1 1 1    24.0   20.0
152  124.640082 1.160E-19 3.234E-01.04300.182  312.26180.35-.010600              0              0            6.5     R  5   5.5675443 7 3 0 1 1 1    28.0   24.0
152  124.640082 1.378E-19 3.361E-01.04300.182  312.26220.35-.010600              0              0            7.5     R  5   6.5675443 7 3 0 1 1 1    32.0   28.0
152  124.640082 8.144E-20 3.178E-01.04300.182  312.26240.35-.010600              0              0            4.5     R  5   3.5675443 7 3 0 1 1 1    20.0   16.0
152  124.640184 6.134E-21 1.995E-02.04300.182  312.26180.35-.010600              0              0            5.5     R  5   5.5675443 7 3 0 1 1 1    24.0   24.0
152  124.640503 4.628E-21 1.806E-02.04300.182  312.26190.35-.010600              0              0            4.5     R  5   4.5675443 7 3 0 1 1 1    20.0   20.0
152  124.640622 7.120E-23 2.779E-04.04300.182  312.26180.35-.010600              0              0            4.5     R  5   5.5675443 7 3 0 1 1 1    20.0   24.0
151  124.826343 1.453E-20 1.299E-02.04300.187  312.73140.35-.010600              0              0            6.5     R  5   6.5675443 7 3 0 1 1 1    28.0   28.0
151  124.826465 1.887E-22 1.968E-04.04300.187  312.73140.35-.010600              0              0            5.5     R  5   6.5575443 7 3 0 1 1 1    24.0   28.0
151  124.826907 3.632E-19 3.246E-01.04300.187  312.73080.35-.010600              0              0            6.5     R  5   5.5675443 7 3 0 1 1 1    28.0   24.0
151  124.826907 3.044E-19 3.174E-01.04300.187  312.73090.35-.010600              0              0            5.5     R  5   4.5675443 7 3 0 1 1 1    24.0   20.0
151  124.826907 4.318E-19 3.377E-01.04300.187  312.73140.35-.010600              0              0            7.5     R  5   6.5675443 7 3 0 1 1 1    32.0   28.0
151  124.826907 2.551E-19 3.192E-01.04300.187  312.73150.35-.010600              0              0            4.5     R  5   3.5675443 7 3 0 1 1 1    20.0   16.0
151  124.827043 1.921E-20 2.003E-02.04300.187  312.73080.35-.010600              0              0            5.5     R  5   5.5675443 7 3 0 1 1 1    24.0   24.0
151  124.827450 1.450E-20 1.815E-02.04300.187  312.73090.35-.010600              0              0            4.5     R  5   4.5675443 7 3 0 1 1 1    20.0   20.0
151  124.827600 2.230E-22 2.791E-04.04300.187  312.73080.35-.010600              0              0            4.5     R  5   5.5675443 7 3 0 1 1 1    20.0   24.0
152  140.986750 3.330E-25 5.352E-01.03300.153 3307.99210.40-.012200              1              1                    R  6      485443 6 2 1 1 1 1   120.0  104.0
151  141.194601 1.032E-24 5.378E-01.03300.154 3310.72510.40-.012200              1              1                    R  6      485443 6 2 1 1 1 1   120.0  104.0
152  145.222110 2.820E-21 1.536E-02.03300.153  436.90230.33-.012200              0              0            7.5     R  6   7.5675443 7 3 0 1 1 1    32.0   32.0
152  145.222192 2.712E-23 1.688E-04.03300.153  436.90230.33-.012200              0              0            6.5     R  6   7.5575443 7 3 0 1 1 1    28.0   32.0
152  145.222560 1.111E-19 5.378E-01.03300.153  436.90230.33-.012200              0              0            8.5     R  6   7.5675443 7 3 0 1 1 1    36.0   32.0
152  145.222560 9.590E-20 5.223E-01.03300.153  436.90190.33-.012200              0              0            7.5     R  6   6.5675443 7 3 0 1 1 1    32.0   28.0
152  145.222560 8.263E-20 5.143E-01.03300.153  436.90200.33-.012200              0              0            6.5     R  6   5.5675443 7 3 0 1 1 1    28.0   24.0
152  145.222560 7.119E-20 5.170E-01.03300.153  436.90240.33-.012200              0              0            5.5     R  6   4.5675443 7 3 0 1 1 1    24.0   20.0
152  145.222645 3.739E-21 2.327E-02.03300.153  436.90190.33-.012200              0              0            6.5     R  6   6.5675443 7 3 0 1 1 1    28.0   28.0
152  145.222985 2.817E-21 2.046E-02.03300.153  436.90200.33-.012200              0              0            5.5     R  6   5.5675443 7 3 0 1 1 1    24.0   24.0
152  145.223082 3.130E-23 2.273E-04.03300.153  436.90190.33-.012200              0              0            5.5     R  6   6.5675443 7 3 0 1 1 1    24.0   28.0
151  145.439380 8.828E-21 1.543E-02.03300.154  437.55830.33-.012200              0              0            7.5     R  6   7.5675443 7 3 0 1 1 1    32.0   32.0
151  145.439481 8.489E-23 1.696E-04.03300.154  437.55830.33-.012200              0              0            6.5     R  6   7.5575443 7 3 0 1 1 1    28.0   32.0
151  145.439947 2.586E-19 5.166E-01.03300.154  437.55780.33-.012200              0              0            6.5     R  6   5.5675443 7 3 0 1 1 1    28.0   24.0
151  145.439947 3.002E-19 5.248E-01.03300.154  437.55770.33-.012200              0              0            7.5     R  6   6.5675443 7 3 0 1 1 1    32.0   28.0
151  145.439947 3.476E-19 5.401E-01.03300.154  437.55830.33-.012200              0              0            8.5     R  6   7.5675443 7 3 0 1 1 1    36.0   32.0
151  145.439947 2.228E-19 5.193E-01.03300.154  437.55840.33-.012200              0              0            5.5     R  6   4.5675443 7 3 0 1 1 1    24.0   20.0
151  145.440061 1.170E-20 2.337E-02.03300.154  437.55770.33-.012200              0              0            6.5     R  6   6.5675443 7 3 0 1 1 1    28.0   28.0
151  145.440494 8.816E-21 2.055E-02.03300.154  437.55780.33-.012200              0              0            5.5     R  6   5.5675443 7 3 0 1 1 1    24.0   24.0
151  145.440616 9.794E-23 2.283E-04.03300.154  437.55770.33-.012200              0              0            5.5     R  6   6.5575443 7 3 0 1 1 1    24.0   28.0
152  160.880093 2.397E-25 8.031E-01.02560.126 3448.97620.29-.012600              1              1                    R  7      485443 6 2 1 1 1 1   136.0  120.0
151  161.116893 7.419E-25 8.068E-01.02560.123 3451.91690.29-.012600              1              1                    R  7      485443 6 2 1 1 1 1   136.0  120.0
152  165.716826 1.520E-21 1.777E-02.02560.126  582.12490.21-.012600              0              0            8.5     R  7   8.5675443 7 3 0 1 1 1    36.0   36.0
152  165.716895 1.126E-23 1.481E-04.02560.126  582.12490.21-.012600              0              0            7.5     R  7   8.5575443 7 3 0 1 1 1    32.0   36.0
152  165.717274 7.658E-20 8.056E-01.02560.126  582.12490.21-.012600              0              0            9.5     R  7   8.5575443 7 3 0 1 1 1    40.0   36.0
152  165.717274 5.207E-20 7.825E-01.02560.126  582.12500.21-.012600              0              0            6.5     R  7   5.5575443 7 3 0 1 1 1    28.0   24.0
152  165.717274 6.741E-20 7.879E-01.02560.126  582.12450.21-.012600              0              0            8.5     R  7   7.5575443 7 3 0 1 1 1    36.0   32.0
152  165.717274 5.924E-20 7.790E-01.02560.126  582.12450.21-.012600              0              0            7.5     R  7   6.5575443 7 3 0 1 1 1    32.0   28.0
152  165.717350 2.018E-21 2.654E-02.02560.126  582.12450.21-.012600              0              0            7.5     R  7   7.5675443 7 3 0 1 1 1    32.0   32.0
152  165.717704 1.519E-21 2.283E-02.02560.126  582.12450.21-.012600              0              0            6.5     R  7   6.5675443 7 3 0 1 1 1    28.0   28.0
152  165.717785 1.276E-23 1.918E-04.02560.126  582.12450.21-.012600              0              0            6.5     R  7   7.5575443 7 3 0 1 1 1    28.0   32.0
151  165.964390 4.753E-21 1.785E-02.02560.123  582.99830.21-.012600              0              0            8.5     R  7   8.5675443 7 3 0 1 1 1    36.0   36.0
151  165.964476 3.521E-23 1.488E-04.02560.123  582.99830.21-.012600              0              0            7.5     R  7   8.5575443 7 3 0 1 1 1    32.0   36.0
151  165.964969 1.628E-19 7.862E-01.02560.123  582.99830.21-.012600              0              0            6.5     R  7   5.5575443 7 3 0 1 1 1    28.0   24.0
151  165.964969 2.107E-19 7.914E-01.02560.123  582.99770.21-.012600              0              0            8.5     R  7   7.5575443 7 3 0 1 1 1    36.0   32.0
151  165.964969 2.394E-19 8.092E-01.02560.123  582.99830.21-.012600              0              0            9.5     R  7   8.5575443 7 3 0 1 1 1    40.0   36.0
151  165.964969 1.852E-19 7.825E-01.02560.123  582.99780.21-.012600              0              0            7.5     R  7   6.5575443 7 3 0 1 1 1    32.0   28.0
151  165.965057 6.309E-21 2.666E-02.02560.123  582.99770.21-.012600              0              0            7.5     R  7   7.5675443 7 3 0 1 1 1    32.0   32.0
151  165.965509 4.748E-21 2.293E-02.02560.123  582.99780.21-.012600              0              0            6.5     R  7   6.5675443 7 3 0 1 1 1    28.0   28.0
151  165.965610 3.991E-23 1.927E-04.02560.123  582.99770.21-.012600              0              0            6.5     R  7   7.5575443 7 3 0 1 1 1    28.0   32.0
152  180.674860 1.496E-25 1.148E+00.01990.108 3609.85260.30-.012900              1              1                    R  8      485443 6 2 1 1 1 1   152.0  136.0
151  180.940311 4.623E-25 1.152E+00.01990.106 3613.03010.30-.012900              1              1                    R  8      485443 6 2 1 1 1 1   152.0  136.0
152  186.111483 7.305E-22 2.015E-02.01990.108  747.84220.22-.012900              0              0            9.5     R  8   9.5675443 7 3 0 1 1 1    40.0   40.0
152  186.111542 4.297E-24 1.317E-04.01990.108  747.84220.22-.012900              0              0            8.5     R  8   9.5575443 7 3 0 1 1 1    36.0   40.0
152  186.111931 3.650E-20 1.119E+00.01990.108  747.84180.22-.012900              0              0            8.5     R  8   7.5575443 7 3 0 1 1 1    36.0   32.0
152  186.111931 3.257E-20 1.123E+00.01990.108  747.84220.22-.012900              0              0            7.5     R  8   6.5575443 7 3 0 1 1 1    32.0   28.0
152  186.111931 4.090E-20 1.128E+00.01990.108  747.84170.22-.012900              0              0            9.5     R  8   8.5575443 7 3 0 1 1 1    40.0   36.0
152  186.111931 4.580E-20 1.149E+00.01990.108  747.84220.22-.012900              0              0           10.5     R  8   9.5575443 7 3 0 1 1 1    44.0   40.0
152  186.111998 9.706E-22 2.975E-02.01990.108  747.84170.22-.012900              0              0            8.5     R  8   8.5675443 7 3 0 1 1 1    36.0   36.0
152  186.112363 7.300E-22 2.518E-02.01990.108  747.84180.22-.012900              0              0            7.5     R  8   7.5675443 7 3 0 1 1 1    32.0   32.0
152  186.112432 4.802E-24 1.656E-04.01990.108  747.84170.22-.012900              0              0            7.5     R  8   8.5575443 7 3 0 1 1 1    32.0   36.0
151  186.389035 2.281E-21 2.025E-02.01990.106  748.96320.22-.012900              0              0            9.5     R  8   9.5575443 7 3 0 1 1 1    40.0   40.0
151  186.389108 1.342E-23 1.324E-04.01990.106  748.96320.22-.012900              0              0            8.5     R  8   9.5575443 7 3 0 1 1 1    36.0   40.0
151  186.389613 1.430E-19 1.154E+00.01990.106  748.96320.22-.012900              0              0           10.5     R  8   9.5575443 7 3 0 1 1 1    44.0   40.0
151  186.389613 1.140E-19 1.124E+00.01990.106  748.96270.22-.012900              0              0            8.5     R  8   7.5575443 7 3 0 1 1 1    36.0   32.0
151  186.389613 1.277E-19 1.133E+00.01990.106  748.96260.22-.012900              0              0            9.5     R  8   8.5575443 7 3 0 1 1 1    40.0   36.0
151  186.389613 1.017E-19 1.128E+00.01990.106  748.96330.22-.012900              0              0            7.5     R  8   6.5575443 7 3 0 1 1 1    32.0   28.0
151  186.389692 3.030E-21 2.988E-02.01990.106  748.96260.22-.012900              0              0            8.5     R  8   8.5675443 7 3 0 1 1 1    36.0   36.0
151  186.390157 2.279E-21 2.529E-02.01990.106  748.96270.22-.012900              0              0            7.5     R  8   7.5675443 7 3 0 1 1 1    32.0   32.0
151  186.390243 1.500E-23 1.664E-04.01990.106  748.96260.22-.012900              0              0            7.5     R  8   8.5575443 7 3 0 1 1 1    32.0   36.0
152  200.359023 8.170E-26 1.576E+00.01570.097 3790.52260.35-.012700              1              1                    R  9      485443 6 2 1 1 1 1   168.0  152.0
151  200.652795 2.522E-25 1.583E+00.01570.097 3793.96540.35-.012700              1              1                    R  9      485443 6 2 1 1 1 1   168.0  152.0
152  206.393877 3.141E-22 2.250E-02.01570.097  933.95410.25-.012700              0              0           10.5     R  9  10.5575443 7 3 0 1 1 1    44.0   44.0
152  206.393928 1.502E-24 1.184E-04.01570.097  933.95410.25-.012700              0              0            9.5     R  9  10.5575443 7 3 0 1 1 1    40.0   44.0
152  206.394333 2.167E-20 1.553E+00.01570.097  933.95370.25-.012700              0              0           10.5     R  9   9.5575443 7 3 0 1 1 1    44.0   40.0
152  206.394333 1.957E-20 1.542E+00.01570.097  933.95370.25-.012700              0              0            9.5     R  9   8.5575443 7 3 0 1 1 1    40.0   36.0
152  206.394333 1.767E-20 1.547E+00.01570.097  933.95420.25-.012700              0              0            8.5     R  9   7.5575443 7 3 0 1 1 1    36.0   32.0
152  206.394333 2.398E-20 1.575E+00.01570.097  933.95410.25-.012700              0              0           11.5     R  9  10.5575443 7 3 0 1 1 1    48.0   44.0
152  206.394385 4.175E-22 3.290E-02.01570.097  933.95370.25-.012700              0              0            9.5     R  9   9.5575443 7 3 0 1 1 1    40.0   40.0
152  206.394759 3.138E-22 2.748E-02.01570.097  933.95370.25-.012700              0              0            8.5     R  9   8.5575443 7 3 0 1 1 1    36.0   36.0
152  206.394818 1.661E-24 1.455E-04.01570.097  933.95370.25-.012700              0              0            8.5     R  9   9.5575443 7 3 0 1 1 1    36.0   40.0
151  206.701071 9.791E-22 2.260E-02.01570.097  935.35290.25-.012700              0              0           10.5     R  9  10.5575443 7 3 0 1 1 1    44.0   44.0
151  206.701134 4.685E-24 1.190E-04.01570.097  935.35290.25-.012700              0              0            9.5     R  9  10.5575443 7 3 0 1 1 1    40.0   44.0
151  206.701651 6.756E-20 1.560E+00.01570.097  935.35230.25-.012700              0              0           10.5     R  9   9.5575443 7 3 0 1 1 1    44.0   40.0
151  206.701651 5.510E-20 1.555E+00.01570.097  935.35290.25-.012700              0              0            8.5     R  9   7.5575443 7 3 0 1 1 1    36.0   32.0
151  206.701651 7.477E-20 1.582E+00.01570.097  935.35290.25-.012700              0              0           11.5     R  9  10.5575443 7 3 0 1 1 1    48.0   44.0
151  206.701651 6.100E-20 1.549E+00.01570.097  935.35230.25-.012700              0              0            9.5     R  9   8.5575443 7 3 0 1 1 1    40.0   36.0
151  206.701719 1.302E-21 3.306E-02.01570.097  935.35230.25-.012700              0              0            9.5     R  9   9.5575443 7 3 0 1 1 1    40.0   40.0
151  206.702195 9.786E-22 2.761E-02.01570.097  935.35230.25-.012700              0              0            8.5     R  9   8.5575443 7 3 0 1 1 1    36.0   36.0
151  206.702268 5.177E-24 1.461E-04.01570.097  935.35230.25-.012700              0              0            8.5     R  9   9.5575443 7 3 0 1 1 1    36.0   40.0
152  219.920660 3.939E-26 2.098E+00.01300.085 3990.87520.50-.012200              1              1                    R 10      485443 6 2 1 1 1 1   184.0  168.0
151  220.242386 1.214E-25 2.107E+00.01300.085 3994.61180.50-.012200              1              1                    R 10      485443 6 2 1 1 1 1   184.0  168.0
152  226.551910 1.212E-22 2.481E-02.01300.085 1140.34850.50-.012200              0              0           11.5     R 10  11.5575443 7 3 0 1 1 1    48.0   48.0
152  226.551954 4.808E-25 1.074E-04.01300.085 1140.34850.50-.012200              0              0           10.5     R 10  11.5575443 7 3 0 1 1 1    44.0   48.0
152  226.552360 8.393E-21 2.062E+00.01300.085 1140.34850.50-.012200              0              0            9.5     R 10   8.5575443 7 3 0 1 1 1    40.0   36.0
152  226.552361 9.205E-21 2.056E+00.01300.085 1140.34810.50-.012200              0              0           10.5     R 10   9.5575443 7 3 0 1 1 1    44.0   40.0
152  226.552368 1.010E-20 2.068E+00.01300.085 1140.34800.50-.012200              0              0           11.5     R 10  10.5575443 7 3 0 1 1 1    48.0   44.0
152  226.552370 1.107E-20 2.092E+00.01300.085 1140.34850.50-.012200              0              0           12.5     R 10  11.5575443 7 3 0 1 1 1    52.0   48.0
152  226.552413 1.612E-22 3.600E-02.01300.085 1140.34800.50-.012200              0              0           10.5     R 10  10.5575443 7 3 0 1 1 1    44.0   44.0
152  226.552793 1.211E-22 2.975E-02.01300.085 1140.34810.50-.012200              0              0            9.5     R 10   9.5575443 7 3 0 1 1 1    40.0   40.0
152  226.552844 5.266E-25 1.294E-04.01300.085 1140.34800.50-.012200              0              0            9.5     R 10  10.5575443 7 3 0 1 1 1    40.0   44.0
151  226.888361 3.771E-22 2.491E-02.01300.085 1142.05450.50-.012200              0              0           11.5     R 10  11.5575443 7 3 0 1 1 1    48.0   48.0
151  226.888415 1.497E-24 1.079E-04.01300.085 1142.05450.50-.012200              0              0           10.5     R 10  11.5575443 7 3 0 1 1 1    44.0   48.0
151  226.888938 2.613E-20 2.071E+00.01300.085 1142.05450.50-.012200              0              0            9.5     R 10   8.5575443 7 3 0 1 1 1    40.0   36.0
151  226.888939 2.866E-20 2.065E+00.01300.085 1142.05400.50-.012200              0              0           10.5     R 10   9.5575443 7 3 0 1 1 1    44.0   40.0
151  226.888948 3.143E-20 2.076E+00.01300.085 1142.05390.50-.012200              0              0           11.5     R 10  10.5575443 7 3 0 1 1 1    48.0   44.0
151  226.888950 3.446E-20 2.101E+00.01300.085 1142.05450.50-.012200              0              0           12.5     R 10  11.5575443 7 3 0 1 1 1    52.0   48.0
151  226.889002 5.018E-22 3.616E-02.01300.085 1142.05390.50-.012200              0              0           10.5     R 10  10.5575443 7 3 0 1 1 1    44.0   44.0
151  226.889487 3.771E-22 2.989E-02.01300.085 1142.05400.50-.012200              0              0            9.5     R 10   9.5575443 7 3 0 1 1 1    40.0   40.0
151  226.889550 1.639E-24 1.299E-04.01300.085 1142.05390.50-.012200              0              0            9.5     R 10  10.5575443 7 3 0 1 1 1    40.0   44.0
152  239.347962 1.686E-26 2.721E+00.00900.080 4210.78780.50-.012000              1              1                    R 11      483443 6 2 1 1 1 1   200.0  184.0
151  239.697241 5.188E-26 2.733E+00.00900.080 4214.84590.50-.012000              1              1                    R 11      483443 6 2 1 1 1 1   200.0  184.0
152  246.573604 4.206E-23 2.707E-02.00900.080 1366.90080.50-.012000              0              0           12.5     R 11  12.5573443 7 3 0 1 1 1    52.0   52.0
152  246.573643 1.407E-25 9.810E-05.00900.080 1366.90080.50-.012000              0              0           11.5     R 11  12.5573443 7 3 0 1 1 1    48.0   52.0
152  246.574057 3.517E-21 2.675E+00.00900.080 1366.90090.50-.012000              0              0           10.5     R 11   9.5573443 7 3 0 1 1 1    44.0   40.0
152  246.574058 3.826E-21 2.668E+00.00900.080 1366.90040.50-.012000              0              0           11.5     R 11  10.5573443 7 3 0 1 1 1    48.0   44.0
152  246.574064 4.163E-21 2.679E+00.00900.080 1366.90040.50-.012000              0              0           12.5     R 11  11.5573443 7 3 0 1 1 1    52.0   48.0
152  246.574065 4.529E-21 2.707E+00.00900.080 1366.90080.50-.012000              0              0           13.5     R 11  12.5573443 7 3 0 1 1 1    56.0   52.0
152  246.574102 5.597E-23 3.903E-02.00900.080 1366.90040.50-.012000              0              0           11.5     R 11  11.5573443 7 3 0 1 1 1    48.0   48.0
152  246.574488 4.205E-23 3.199E-02.00900.080 1366.90040.50-.012000              0              0           10.5     R 11  10.5573443 7 3 0 1 1 1    44.0   44.0
152  246.574532 1.529E-25 1.163E-04.00900.080 1366.90040.50-.012000              0              0           10.5     R 11  11.5573443 7 3 0 1 1 1    44.0   48.0
151  246.938888 1.307E-22 2.719E-02.00900.080 1368.94350.50-.012000              0              0           12.5     R 11  12.5573443 7 3 0 1 1 1    52.0   52.0
151  246.938934 4.372E-25 9.853E-05.00900.080 1368.94350.50-.012000              0              0           11.5     R 11  12.5573443 7 3 0 1 1 1    48.0   52.0
151  246.939467 1.093E-20 2.687E+00.00900.080 1368.94350.50-.012000              0              0           10.5     R 11   9.5573443 7 3 0 1 1 1    44.0   40.0
151  246.939469 1.189E-20 2.680E+00.00900.080 1368.94290.50-.012000              0              0           11.5     R 11  10.5573443 7 3 0 1 1 1    48.0   44.0
151  246.939476 1.294E-20 2.692E+00.00900.080 1368.94290.50-.012000              0              0           12.5     R 11  11.5573443 7 3 0 1 1 1    52.0   48.0
151  246.939478 1.407E-20 2.718E+00.00900.080 1368.94350.50-.012000              0              0           13.5     R 11  12.5573443 7 3 0 1 1 1    56.0   52.0
151  246.939522 1.740E-22 3.921E-02.00900.080 1368.94290.50-.012000              0              0           11.5     R 11  11.5573443 7 3 0 1 1 1    48.0   48.0
151  246.940014 1.307E-22 3.213E-02.00900.080 1368.94290.50-.012000              0              0           10.5     R 11  10.5573443 7 3 0 1 1 1    44.0   44.0
151  246.940068 4.752E-25 1.168E-04.00900.080 1368.94290.50-.012000              0              0           10.5     R 11  11.5573443 7 3 0 1 1 1    44.0   48.0
151  259.005647 1.976E-26 3.467E+00.00800.075 4454.53280.50-.012000              1              1                    R 12      483443 6 2 1 1 1 1   216.0  200.0
152  266.447113 1.316E-23 2.928E-02.00800.075 1613.47490.50-.012000              0              0           13.5     R 12  13.5573443 7 3 0 1 1 1    56.0   56.0
152  266.447146 3.760E-26 9.010E-05.00800.075 1613.47490.50-.012000              0              0           12.5     R 12  13.5573443 7 3 0 1 1 1    52.0   56.0
152  266.447567 1.307E-21 3.393E+00.00800.075 1613.47490.50-.012000              0              0           11.5     R 12  10.5573443 7 3 0 1 1 1    48.0   44.0
152  266.447568 1.412E-21 3.384E+00.00800.075 1613.47450.50-.012000              0              0           12.5     R 12  11.5573443 7 3 0 1 1 1    52.0   48.0
152  266.447574 1.527E-21 3.398E+00.00800.075 1613.47450.50-.012000              0              0           13.5     R 12  12.5573443 7 3 0 1 1 1    56.0   52.0
152  266.447575 1.650E-21 3.427E+00.00800.075 1613.47490.50-.012000              0              0           14.5     R 12  13.5573443 7 3 0 1 1 1    60.0   56.0
152  266.447607 1.752E-23 4.198E-02.00800.075 1613.47450.50-.012000              0              0           12.5     R 12  12.5573443 7 3 0 1 1 1    52.0   52.0
152  266.447997 1.316E-23 3.416E-02.00800.075 1613.47450.50-.012000              0              0           11.5     R 12  11.5573443 7 3 0 1 1 1    48.0   48.0
152  266.448036 4.061E-26 1.054E-04.00800.075 1613.47450.50-.012000              0              0           11.5     R 12  12.5573443 7 3 0 1 1 1    48.0   52.0
151  266.840762 4.082E-23 2.941E-02.00800.075 1615.88300.50-.012000              0              0           13.5     R 12  13.5573443 7 3 0 1 1 1    56.0   56.0
151  266.840801 1.166E-25 9.047E-05.00800.075 1615.88300.50-.012000              0              0           12.5     R 12  13.5573443 7 3 0 1 1 1    52.0   56.0
151  266.841343 4.053E-21 3.407E+00.00800.075 1615.88300.50-.012000              0              0           11.5     R 12  10.5573443 7 3 0 1 1 1    48.0   44.0
151  266.841345 4.381E-21 3.399E+00.00800.075 1615.88240.50-.012000              0              0           12.5     R 12  11.5573443 7 3 0 1 1 1    52.0   48.0
151  266.841352 4.736E-21 3.412E+00.00800.075 1615.88240.50-.012000              0              0           13.5     R 12  12.5573443 7 3 0 1 1 1    56.0   52.0
151  266.841354 5.117E-21 3.441E+00.00800.075 1615.88300.50-.012000              0              0           14.5     R 12  13.5573443 7 3 0 1 1 1    60.0   56.0
151  266.841391 5.434E-23 4.216E-02.00800.075 1615.88240.50-.012000              0              0           12.5     R 12  12.5573443 7 3 0 1 1 1    52.0   52.0
151  266.841889 4.082E-23 3.431E-02.00800.075 1615.88240.50-.012000              0              0           11.5     R 12  11.5573443 7 3 0 1 1 1    48.0   48.0
151  266.841935 1.260E-25 1.059E-04.00800.075 1615.88240.50-.012000              0              0           11.5     R 12  12.5573443 7 3 0 1 1 1    48.0   52.0
152  286.160730 3.719E-24 3.145E-02.00700.070 1879.92250.50-.012000              0              0           14.5     R 13  14.5473443 7 3 0 1 1 1    60.0   60.0
152  286.160759 9.183E-27 8.319E-05.00700.070 1879.92250.50-.012000              0              0           13.5     R 13  14.5473443 7 3 0 1 1 1    56.0   60.0
152  286.161187 4.325E-22 4.220E+00.00700.070 1879.92250.50-.012000              0              0           12.5     R 13  11.5473443 7 3 0 1 1 1    52.0   48.0
152  286.161188 4.648E-22 4.211E+00.00700.070 1879.92210.50-.012000              0              0           13.5     R 13  12.5473443 7 3 0 1 1 1    56.0   52.0
152  286.161192 4.996E-22 4.224E+00.00700.070 1879.92200.50-.012000              0              0           14.5     R 13  13.5473443 7 3 0 1 1 1    60.0   56.0
152  286.161194 5.369E-22 4.256E+00.00700.070 1879.92250.50-.012000              0              0           15.5     R 13  14.5473443 7 3 0 1 1 1    64.0   60.0
152  286.161221 4.952E-24 4.486E-02.00700.070 1879.92200.50-.012000              0              0           13.5     R 13  13.5473443 7 3 0 1 1 1    56.0   56.0
152  286.161616 3.719E-24 3.628E-02.00700.070 1879.92210.50-.012000              0              0           12.5     R 13  12.5473443 7 3 0 1 1 1    52.0   52.0
152  286.161649 9.862E-27 9.622E-05.00700.070 1879.92200.50-.012000              0              0           12.5     R 13  13.5473443 7 3 0 1 1 1    52.0   56.0
151  286.582238 1.151E-23 3.157E-02.00700.070 1882.72430.50-.012000              0              0           14.5     R 13  14.5473443 7 3 0 1 1 1    60.0   60.0
151  286.582270 2.843E-26 8.356E-05.00700.070 1882.72430.50-.012000              0              0           13.5     R 13  14.5473443 7 3 0 1 1 1    56.0   60.0
151  286.582822 1.339E-21 4.238E+00.00700.070 1882.72430.50-.012000              0              0           12.5     R 13  11.5473443 7 3 0 1 1 1    52.0   48.0
151  286.582824 1.439E-21 4.229E+00.00700.070 1882.72380.50-.012000              0              0           13.5     R 13  12.5473443 7 3 0 1 1 1    56.0   52.0
151  286.582830 1.547E-21 4.244E+00.00700.070 1882.72370.50-.012000              0              0           14.5     R 13  13.5473443 7 3 0 1 1 1    60.0   56.0
151  286.582832 1.662E-21 4.274E+00.00700.070 1882.72430.50-.012000              0              0           15.5     R 13  14.5473443 7 3 0 1 1 1    64.0   60.0
151  286.582863 1.533E-23 4.506E-02.00700.070 1882.72370.50-.012000              0              0           13.5     R 13  13.5473443 7 3 0 1 1 1    56.0   56.0
151  286.583366 1.151E-23 3.643E-02.00700.070 1882.72380.50-.012000              0              0           12.5     R 13  12.5473443 7 3 0 1 1 1    52.0   52.0
151  286.583405 3.053E-26 9.664E-05.00700.070 1882.72370.50-.012000              0              0           12.5     R 13  13.5473443 7 3 0 1 1 1    52.0   56.0
152  305.702907 9.505E-25 3.355E-02.00600.065 2166.08370.50-.012000              0              0           15.5     R 14  15.5473443 7 3 0 1 1 1    64.0   64.0
152  305.702931 2.049E-27 7.714E-05.00600.065 2166.08370.50-.012000              0              0           14.5     R 14  15.5473443 7 3 0 1 1 1    60.0   64.0
152  305.703365 1.280E-22 5.163E+00.00600.065 2166.08370.50-.012000              0              0           13.5     R 14  12.5473443 7 3 0 1 1 1    56.0   52.0
152  305.703366 1.369E-22 5.154E+00.00600.065 2166.08330.50-.012000              0              0           14.5     R 14  13.5473443 7 3 0 1 1 1    60.0   56.0
152  305.703371 1.464E-22 5.167E+00.00600.065 2166.08320.50-.012000              0              0           15.5     R 14  14.5473443 7 3 0 1 1 1    64.0   60.0
152  305.703372 1.565E-22 5.199E+00.00600.065 2166.08370.50-.012000              0              0           16.5     R 14  15.5473443 7 3 0 1 1 1    68.0   64.0
152  305.703395 1.266E-24 4.766E-02.00600.065 2166.08320.50-.012000              0              0           14.5     R 14  14.5473443 7 3 0 1 1 1    60.0   60.0
152  305.703793 9.503E-25 3.833E-02.00600.065 2166.08330.50-.012000              0              0           13.5     R 14  13.5473443 7 3 0 1 1 1    56.0   56.0
152  305.703821 2.190E-27 8.834E-05.00600.065 2166.08320.50-.012000              0              0           13.5     R 14  14.5473443 7 3 0 1 1 1    56.0   60.0
151  306.151724 2.937E-24 3.370E-02.00600.065 2169.30710.50-.012000              0              0           15.5     R 14  15.5473443 7 3 0 1 1 1    64.0   64.0
151  306.151751 6.329E-27 7.747E-05.00600.065 2169.30710.50-.012000              0              0           14.5     R 14  15.5473443 7 3 0 1 1 1    60.0   64.0
151  306.152310 3.953E-22 5.184E+00.00600.065 2169.30710.50-.012000              0              0           13.5     R 14  12.5473443 7 3 0 1 1 1    56.0   52.0
151  306.152312 4.228E-22 5.175E+00.00600.065 2169.30660.50-.012000              0              0           14.5     R 14  13.5473443 7 3 0 1 1 1    60.0   56.0
151  306.152318 4.522E-22 5.189E+00.00600.065 2169.30660.50-.012000              0              0           15.5     R 14  14.5473443 7 3 0 1 1 1    64.0   60.0
151  306.152320 4.837E-22 5.224E+00.00600.065 2169.30710.50-.012000              0              0           16.5     R 14  15.5473443 7 3 0 1 1 1    68.0   64.0
151  306.152345 3.911E-24 4.787E-02.00600.065 2169.30660.50-.012000              0              0           14.5     R 14  14.5473443 7 3 0 1 1 1    60.0   60.0
151  306.152853 2.937E-24 3.852E-02.00600.065 2169.30660.50-.012000              0              0           13.5     R 14  13.5473443 7 3 0 1 1 1    56.0   56.0
151  306.152885 6.766E-27 8.873E-05.00600.065 2169.30660.50-.012000              0              0           13.5     R 14  14.5473443 7 3 0 1 1 1    56.0   60.0
152  325.062260 2.201E-25 3.560E-02.05000.060 2471.78710.50-.012000              0              0           16.5     R 15  16.5473443 7 3 0 1 1 1    68.0   68.0
152  325.062280 4.176E-28 7.176E-05.05000.060 2471.78710.50-.012000              0              0           15.5     R 15  16.5473443 7 3 0 1 1 1    64.0   68.0
152  325.062720 3.396E-23 6.225E+00.05000.060 2471.78710.50-.012000              0              0           14.5     R 15  13.5473443 7 3 0 1 1 1    60.0   56.0
152  325.062721 3.616E-23 6.214E+00.05000.060 2471.78660.50-.012000              0              0           15.5     R 15  14.5473443 7 3 0 1 1 1    64.0   60.0
152  325.062725 3.851E-23 6.229E+00.05000.060 2471.78660.50-.012000              0              0           16.5     R 15  15.5473443 7 3 0 1 1 1    68.0   64.0
152  325.062726 4.101E-23 6.264E+00.05000.060 2471.78710.50-.012000              0              0           17.5     R 15  16.5473443 7 3 0 1 1 1    72.0   68.0
152  325.062745 2.931E-25 5.037E-02.05000.060 2471.78660.50-.012000              0              0           15.5     R 15  15.5473443 7 3 0 1 1 1    64.0   64.0
152  325.063146 2.201E-25 4.034E-02.05000.060 2471.78660.50-.012000              0              0           14.5     R 15  14.5473443 7 3 0 1 1 1    60.0   60.0
152  325.063170 4.446E-28 8.150E-05.05000.060 2471.78660.50-.012000              0              0           14.5     R 15  15.5473443 7 3 0 1 1 1    60.0   64.0
151  325.537794 6.784E-25 3.575E-02.05000.060 2475.45950.50-.012000              0              0           16.5     R 15  16.5473443 7 3 0 1 1 1    68.0   68.0
151  325.537816 1.287E-27 7.206E-05.05000.060 2475.45950.50-.012000              0              0           15.5     R 15  16.5473443 7 3 0 1 1 1    64.0   68.0
151  325.538383 1.047E-22 6.253E+00.05000.060 2475.45940.50-.012000              0              0           14.5     R 15  13.5473443 7 3 0 1 1 1    60.0   56.0
151  325.538385 1.115E-22 6.243E+00.05000.060 2475.45890.50-.012000              0              0           15.5     R 15  14.5473443 7 3 0 1 1 1    64.0   60.0
151  325.538390 1.187E-22 6.255E+00.05000.060 2475.45890.50-.012000              0              0           16.5     R 15  15.5473443 7 3 0 1 1 1    68.0   64.0
151  325.538392 1.264E-22 6.291E+00.05000.060 2475.45950.50-.012000              0              0           17.5     R 15  16.5473443 7 3 0 1 1 1    72.0   68.0
151  325.538412 9.036E-25 5.059E-02.05000.060 2475.45890.50-.012000              0              0           15.5     R 15  15.5473443 7 3 0 1 1 1    64.0   64.0
151  325.538923 6.784E-25 4.052E-02.05000.060 2475.45890.50-.012000              0              0           14.5     R 15  14.5473443 7 3 0 1 1 1    60.0   60.0
151  325.538951 1.370E-27 8.182E-05.05000.060 2475.45890.50-.012000              0              0           14.5     R 15  15.5473443 7 3 0 1 1 1    60.0   64.0
152  344.231675 3.772E-23 7.884E+00.05000.055 2796.83360.50-.012000              0              0                    R 16      483443 6 2 1 1 1 1   280.0  264.0
151  344.734033 1.160E-22 7.919E+00.05000.055 2800.98310.50-.012000              0              0                    R 16      483443 6 2 1 1 1 1   280.0  264.0
152  363.192761 8.100E-24 9.312E+00.05000.050 3141.05870.50-.012000              0              0                    R 17      483443 6 2 1 1 1 1   296.0  280.0
151  363.720828 2.485E-23 9.353E+00.05000.050 3145.71060.50-.012000              0              0                    R 17      483443 6 2 1 1 1 1   296.0  280.0
152  381.938123 1.573E-24 1.089E+01.05000.050 3504.24310.50-.012000              0              0                    R 18      483443 6 2 1 1 1 1   312.0  296.0
151  382.491264 4.813E-24 1.094E+01.05000.050 3509.42320.50-.012000              0              0                    R 18      483443 6 2 1 1 1 1   312.0  296.0
152  400.457180 2.767E-25 1.262E+01.05000.050 3886.17040.50-.012000              0              0                    R 19      483443 6 2 1 1 1 1   328.0  312.0
151  401.034729 8.444E-25 1.268E+01.05000.050 3891.90390.50-.012000              0              0                    R 19      483443 6 2 1 1 1 1   328.0  312.0
152  418.739576 4.419E-26 1.451E+01.05000.050 4286.61380.50-.012000              0              0                    R 20      483443 6 2 1 1 1 1   344.0  328.0
151  419.340840 1.345E-25 1.458E+01.05000.050 4292.92500.50-.012000              0              0                    R 20      483443 6 2 1 1 1 1   344.0  328.0
151  437.399457 1.948E-26 1.664E+01.05000.050 4712.24820.50-.012000              0              0                    R 21      483443 6 2 1 1 1 1   360.0  344.0
152 2398.956499 1.223E-26 1.902E+01.05000.050 3886.20410.15-.009000              1              0                    P 19      473443 8 1 1 1 1 1   296.0  312.0
151 2400.276869 3.731E-26 1.907E+01.05000.050 3891.93750.15-.009000              1              0                    P 19      473443 8 1 1 1 1 1   296.0  312.0
152 2428.471066 7.328E-26 1.929E+01.05000.050 3504.26880.15-.009000              1              0                    P 18      473443 8 1 1 1 1 1   280.0  296.0
151 2429.840723 2.242E-25 1.934E+01.05000.050 3509.44900.15-.009000              1              0                    P 18      473443 8 1 1 1 1 1   280.0  296.0
152 2457.618035 3.994E-25 1.954E+01.05000.055 3141.08000.15-.009000              1              0                    P 17      473443 8 1 1 1 1 1   264.0  280.0
151 2459.036325 1.225E-24 1.960E+01.05000.055 3145.73190.15-.009000              1              0                    P 17      473443 8 1 1 1 1 1   264.0  280.0
152 2486.384114 1.978E-24 1.978E+01.05000.060 2796.85040.15-.009000              1              0                    P 16      473443 8 1 1 1 1 1   248.0  264.0
151 2487.850344 6.080E-24 1.984E+01.05000.060 2800.99970.15-.009000              1              0                    P 16      473443 8 1 1 1 1 1   248.0  264.0
152 2514.755934 8.884E-24 2.001E+01.00600.065 2471.78880.15-.009000              1              0                    P 15      473443 8 1 1 1 1 1   232.0  248.0
151 2516.269371 2.738E-23 2.007E+01.00600.065 2475.46200.15-.009000              1              0                    P 15      473443 8 1 1 1 1 1   232.0  248.0
152 2542.720066 3.615E-23 2.024E+01.00700.070 2166.08270.15-.009000              1              0                    P 14      473443 8 1 1 1 1 1   216.0  232.0
151 2544.279937 1.116E-22 2.029E+01.00700.070 2169.30650.15-.009000              1              0                    P 14      473443 8 1 1 1 1 1   216.0  232.0
151 2554.264111 2.001E-26 3.716E+01.01600.095 3994.66860.15-.009000              2              1                    P 10      475443 8 1 1 1 1 1   152.0  168.0
152 2570.263034 1.330E-22 2.044E+01.00800.075 1879.92190.15-.009000              1              0                    P 13      473443 8 1 1 1 1 1   200.0  216.0
151 2571.868527 4.117E-22 2.051E+01.00800.075 1882.72390.15-.009000              1              0                    P 13      473443 8 1 1 1 1 1   200.0  216.0
152 2577.751141 1.524E-26 3.741E+01.02020.110 3790.57800.14-.008400              2              1                    P  9      475443 8 1 1 1 1 1   136.0  152.0
151 2579.386549 4.701E-26 3.752E+01.02020.110 3794.02090.14-.008400              2              1                    P  9      475443 8 1 1 1 1 1   136.0  152.0
152 2597.371331 4.421E-22 2.066E+01.00900.080 1613.47450.15-.009000              1              0                    P 12      473443 8 1 1 1 1 1   184.0  200.0
151 2599.021592 1.371E-21 2.072E+01.00900.080 1615.88260.15-.009000              1              0                    P 12      473443 8 1 1 1 1 1   184.0  200.0
152 2602.347224 3.208E-26 3.780E+01.02640.126 3609.90680.13-.007900              2              1                    P  8      475443 8 1 1 1 1 1   120.0  136.0
151 2604.022125 9.909E-26 3.791E+01.02640.126 3613.08440.13-.007900              2              1                    P  8      475443 8 1 1 1 1 1   120.0  136.0
152 2624.031434 1.324E-21 2.086E+01.01200.085 1366.90060.15-.009000              1              0                    P 11      475443 8 1 1 1 1 1   168.0  184.0
151 2625.725569 4.112E-21 2.092E+01.01200.085 1368.94310.15-.009000              1              0                    P 11      475443 8 1 1 1 1 1   168.0  184.0
152 2626.444288 6.036E-26 3.824E+01.03370.153 3449.02930.25-.007400              2              1                    P  7      475443 8 1 1 1 1 1   104.0  120.0
151 2628.157630 1.866E-25 3.834E+01.03370.157 3451.97010.25-.007400              2              1                    P  7      475443 8 1 1 1 1 1   104.0  120.0
152 2650.029203 1.009E-25 3.876E+01.04390.188 3308.04430.35-.007500              2              1                    P  6      475443 8 1 1 1 1 1    88.0  104.0
152 2650.229816 3.567E-21 2.107E+01.01600.095 1140.34830.15-.009000              1              0                    P 10      475443 8 1 1 1 1 1   152.0  168.0
151 2651.779897 3.124E-25 3.888E+01.04390.189 3310.77730.35-.007500              2              1                    P  6      475443 8 1 1 1 1 1    88.0  104.0
151 2651.966891 1.110E-20 2.114E+01.01600.095 1142.05420.15-.009000              1              0                    P 10      475443 8 1 1 1 1 1   152.0  168.0
152 2673.088896 1.489E-25 3.950E+01.05410.221 3187.03840.46-.007700              2              1                    P  5      475443 8 1 1 1 1 1    72.0   88.0
151 2674.875812 4.612E-25 3.961E+01.05410.223 3189.59290.46-.007700              2              1                    P  5      475443 8 1 1 1 1 1    72.0   88.0
152 2675.952966 8.622E-21 2.128E+01.02020.110  933.95390.14-.008400              1              0                    P  9      475443 8 1 1 1 1 1   136.0  152.0
151 2677.732004 2.686E-20 2.134E+01.02020.110  935.35250.14-.008400              1              0                    P  9      475443 8 1 1 1 1 1   136.0  152.0
152 2695.610359 1.911E-25 4.058E+01.06440.247 3086.08610.61-.007900              2              1                    P  4      475443 8 1 1 1 1 1    56.0   72.0
151 2697.432327 5.924E-25 4.069E+01.06440.249 3088.49140.61-.007900              2              1                    P  4      475443 8 1 1 1 1 1    56.0   72.0
152 2701.187394 1.864E-20 2.150E+01.02640.126  747.84200.13-.007900              1              0                    P  8      475443 8 1 1 1 1 1   120.0  136.0
151 2703.007380 5.816E-20 2.156E+01.02640.126  748.96290.13-.007900              1              0                    P  8      475443 8 1 1 1 1 1   120.0  136.0
152 2717.580668 2.085E-25 4.253E+01.07240.253 3005.24960.71-.005900              2              1                    P  3      475443 8 1 1 1 1 1    40.0   56.0
151 2719.436479 6.467E-25 4.265E+01.07240.253 3007.53530.71-.005900              2              1                    P  3      475443 8 1 1 1 1 1    40.0   56.0
152 2725.919656 3.593E-20 2.176E+01.03370.153  582.12470.25-.007400              1              0                    P  7      475443 8 1 1 1 1 1   104.0  120.0
151 2727.779532 1.122E-19 2.182E+01.03370.157  582.99800.25-.007400              1              0                    P  7      475443 8 1 1 1 1 1   104.0  120.0
152 2738.986991 1.832E-25 4.711E+01.07990.243 2944.57860.69-.004300              2              1                    P  2      475443 8 1 1 1 1 1    24.0   40.0
151 2740.875397 5.685E-25 4.724E+01.07990.239 2946.77450.69-.004300              2              1                    P  2      475443 8 1 1 1 1 1    24.0   40.0
152 2750.136361 6.137E-20 2.207E+01.04390.188  436.90220.35-.007500              1              0                    P  6      475443 8 1 1 1 1 1    88.0  104.0
151 2752.035028 1.919E-19 2.214E+01.04390.189  437.55800.35-.007700              1              0                    P  6      475443 8 1 1 1 1 1    88.0  104.0
152 2759.816603 1.094E-25 7.038E+01.08920.222 2904.11050.65-.007000              2              1                    P  1      475443 8 1 1 1 1 1     8.0   24.0
151 2761.736318 3.396E-25 7.059E+01.08920.223 2906.24650.65-.007000              2              1                    P  1      475443 8 1 1 1 1 1     8.0   24.0
152 2773.824184 9.217E-20 2.249E+01.05410.221  312.26210.46-.007700              1              0                    P  5      475443 8 1 1 1 1 1    72.0   88.0
151 2775.760504 2.884E-19 2.255E+01.05410.223  312.73110.46-.007700              1              0                    P  5      475443 8 1 1 1 1 1    72.0   88.0
152 2796.969886 1.202E-19 2.312E+01.06440.247  208.27990.61-.007900              1              0                    P  4      475443 8 1 1 1 1 1    56.0   72.0
151 2798.942679 3.763E-19 2.318E+01.06440.249  208.59290.61-.007900              1              0                    P  4      475443 8 1 1 1 1 1    56.0   72.0
152 2799.695408 1.160E-25 2.320E+01.08940.218 2883.87020.740.001000              2              1                    R  0      475443 8 1 1 1 1 1    24.0    8.0
151 2801.673731 3.601E-25 2.327E+01.08940.222 2885.97620.740.001000              2              1                    R  0      475443 8 1 1 1 1 1    24.0    8.0
152 2818.719797 2.060E-25 2.765E+01.07930.236 2904.11050.76-.004100              2              1                    R  1      475443 8 1 1 1 1 1    40.0   24.0
152 2819.560322 1.327E-19 2.423E+01.07240.253  125.01840.71-.005900              1              0                    P  3      475443 8 1 1 1 1 1    40.0   56.0
151 2820.725344 6.393E-25 2.772E+01.07930.238 2906.24650.76-.004100              2              1                    R  1      475443 8 1 1 1 1 1    40.0   24.0
151 2821.568370 4.160E-19 2.431E+01.07240.253  125.20640.71-.005900              1              0                    P  3      475443 8 1 1 1 1 1    40.0   56.0
152 2837.117891 2.485E-25 2.938E+01.07180.245 2944.57860.72-.004900              2              1                    R  2      475443 8 1 1 1 1 1    56.0   40.0
151 2839.149226 7.709E-25 2.946E+01.07180.247 2946.77450.72-.004900              2              1                    R  2      475443 8 1 1 1 1 1    56.0   40.0
152 2841.582457 1.178E-19 2.688E+01.07990.243   62.52820.69-.004300              1              0                    P  2      475443 8 1 1 1 1 1    24.0   40.0
151 2843.624500 3.692E-19 2.695E+01.07990.239   62.62220.69-.004300              1              0                    P  2      475443 8 1 1 1 1 1    24.0   40.0
152 2854.877677 2.414E-25 3.019E+01.06240.237 3005.24960.71-.005600              2              1                    R  3      475443 8 1 1 1 1 1    72.0   56.0
151 2856.933328 7.486E-25 3.027E+01.06240.241 3007.53530.71-.005600              2              1                    R  3      475443 8 1 1 1 1 1    72.0   56.0
152 2863.023376 7.081E-20 4.018E+01.08920.222   20.84700.65-.007000              1              0                    P  1      475443 8 1 1 1 1 1     8.0   24.0
151 2865.098116 2.221E-19 4.030E+01.08920.223   20.87830.65-.007000              1              0                    P  1      475443 8 1 1 1 1 1     8.0   24.0
152 2871.987318 1.992E-25 3.055E+01.05370.216 3086.08610.58-.008000              2              1                    R  4      475443 8 1 1 1 1 1    88.0   72.0
151 2874.065779 6.174E-25 3.064E+01.05370.218 3088.49140.58-.008000              2              1                    R  4      475443 8 1 1 1 1 1    88.0   72.0
152 2888.435162 1.430E-25 3.066E+01.04300.182 3187.03840.35-.010600              2              1                    R  5      475443 8 1 1 1 1 1   104.0   88.0
151 2890.534891 4.429E-25 3.075E+01.04300.187 3189.59290.35-.010600              2              1                    R  5      475443 8 1 1 1 1 1   104.0   88.0
152 2904.110597 7.546E-20 1.327E+01.08940.218    0.00000.740.001000              1              0                    R  0      475443 8 1 1 1 1 1    24.0    8.0
152 2904.209748 9.051E-26 3.062E+01.03300.153 3308.04430.40-.012200              2              1                    R  6      475443 8 1 1 1 1 1   120.0  104.0
151 2906.246682 2.367E-19 1.331E+01.08940.222    0.00000.740.001000              1              0                    R  0      475443 8 1 1 1 1 1    24.0    8.0
151 2906.329170 2.801E-25 3.071E+01.03300.154 3310.77730.40-.012000              2              1                    R  6      475443 8 1 1 1 1 1   120.0  104.0
152 2919.299819 5.088E-26 3.045E+01.02560.126 3449.02930.29-.012100              2              1                    R  7      475443 8 1 1 1 1 1   136.0  120.0
151 2921.437325 1.573E-25 3.054E+01.02560.123 3451.97010.29-.012600              2              1                    R  7      475443 8 1 1 1 1 1   136.0  120.0
152 2923.731793 1.337E-19 1.582E+01.07930.236   20.84700.76-.004100              1              0                    R  1      475443 8 1 1 1 1 1    40.0   24.0
151 2925.896450 4.194E-19 1.587E+01.07930.238   20.87830.76-.004100              1              0                    R  1      475443 8 1 1 1 1 1    40.0   24.0
152 2933.694325 2.555E-26 3.020E+01.01990.108 3609.90680.30-.012900              2              1                    R  8      475443 8 1 1 1 1 1   152.0  136.0
151 2935.848274 7.888E-26 3.028E+01.01990.106 3613.08440.30-.012900              2              1                    R  8      475443 8 1 1 1 1 1   152.0  136.0
152 2942.721586 1.606E-19 1.684E+01.07180.245   62.52820.72-.004900              1              0                    R  2      475443 8 1 1 1 1 1    56.0   40.0
151 2944.913365 5.034E-19 1.689E+01.07180.247   62.62220.72-.004900              1              0                    R  2      475443 8 1 1 1 1 1    56.0   40.0
152 2947.382430 1.150E-26 2.988E+01.01570.097 3790.57800.35-.012700              2              1                    R  9      475443 8 1 1 1 1 1   168.0  152.0
151 2949.551151 3.546E-26 2.996E+01.01570.097 3794.02090.35-.012700              2              1                    R  9      475443 8 1 1 1 1 1   168.0  152.0
152 2961.067854 1.548E-19 1.732E+01.06240.237  125.01840.71-.005600              1              0                    R  3      475443 8 1 1 1 1 1    72.0   56.0
151 2962.535312 1.433E-26 2.957E+01.01300.085 3994.66860.50-.012200              2              1                    R 10      475443 8 1 1 1 1 1   184.0  168.0
151 2963.285269 4.852E-19 1.738E+01.06240.241  125.20640.71-.005600              1              0                    R  3      475443 8 1 1 1 1 1    72.0   56.0
152 2978.758667 1.265E-19 1.757E+01.05370.216  208.27990.58-.008000              1              0                    R  4      475443 8 1 1 1 1 1    88.0   72.0
151 2981.000196 3.960E-19 1.761E+01.05370.218  208.59290.58-.008000              1              0                    R  4      475443 8 1 1 1 1 1    88.0   72.0
152 2995.782299 8.962E-20 1.766E+01.04300.182  312.26210.35-.010600              1              0                    R  5      475443 8 1 1 1 1 1   104.0   88.0
151 2998.046385 2.804E-19 1.771E+01.04300.187  312.73110.35-.010600              1              0                    R  5      475443 8 1 1 1 1 1   104.0   88.0
152 3012.127235 5.582E-20 1.766E+01.03300.153  436.90220.40-.012200              1              0                    R  6      475443 8 1 1 1 1 1   120.0  104.0
151 3014.412288 1.745E-19 1.771E+01.03300.154  437.55800.40-.012200              1              0                    R  6      475443 8 1 1 1 1 1   120.0  104.0
152 3027.782181 3.080E-20 1.760E+01.02560.126  582.12470.29-.012600              1              0                    R  7      475443 8 1 1 1 1 1   136.0  120.0
151 3030.086578 9.616E-20 1.764E+01.02560.123  582.99800.29-.012600              1              0                    R  7      475443 8 1 1 1 1 1   136.0  120.0
152 3042.736073 1.513E-20 1.748E+01.01990.108  747.84200.30-.012900              1              0                    R  8      475443 8 1 1 1 1 1   152.0  136.0
151 3045.058157 4.719E-20 1.753E+01.01990.106  748.96290.30-.012900              1              0                    R  8      475443 8 1 1 1 1 1   152.0  136.0
152 3056.978083 6.647E-21 1.733E+01.01570.097  933.95390.35-.012700              1              0                    R  9      475443 8 1 1 1 1 1   168.0  152.0
151 3059.316168 2.070E-20 1.738E+01.01570.097  935.35250.35-.012700              1              0                    R  9      475443 8 1 1 1 1 1   168.0  152.0
152 3070.497629 2.617E-21 1.714E+01.01300.085 1140.34830.50-.012200              1              0                    R 10      475443 8 1 1 1 1 1   184.0  168.0
151 3072.849996 8.140E-21 1.719E+01.01300.085 1142.05420.50-.012200              1              0                    R 10      475443 8 1 1 1 1 1   184.0  168.0
152 3083.284378 9.263E-22 1.693E+01.00900.080 1366.90060.50-.012000              1              0                    R 11      473443 8 1 1 1 1 1   200.0  184.0
151 3085.649281 2.876E-21 1.697E+01.00900.080 1368.94310.50-.012000              1              0                    R 11      473443 8 1 1 1 1 1   200.0  184.0
152 3095.328253 2.951E-22 1.668E+01.00800.075 1613.47450.50-.012000              1              0                    R 12      473443 8 1 1 1 1 1   216.0  200.0
151 3097.703917 9.146E-22 1.673E+01.00800.075 1615.88260.50-.012000              1              0                    R 12      473443 8 1 1 1 1 1   216.0  200.0
152 3106.619439 8.482E-23 1.642E+01.00700.070 1879.92190.50-.012000              1              0                    R 13      473443 8 1 1 1 1 1   232.0  216.0
151 3109.004061 2.623E-22 1.646E+01.00700.070 1882.72390.50-.012000              1              0                    R 13      473443 8 1 1 1 1 1   232.0  216.0
152 3117.148383 2.202E-23 1.613E+01.00600.065 2166.08270.50-.012000              1              0                    R 14      473443 8 1 1 1 1 1   248.0  232.0
151 3119.540134 6.797E-23 1.618E+01.00600.065 2169.30650.50-.012000              1              0                    R 14      473443 8 1 1 1 1 1   248.0  232.0
152 3126.905800 5.172E-24 1.583E+01.05000.060 2471.78880.50-.012000              1              0                    R 15      473443 8 1 1 1 1 1   264.0  248.0
151 3129.302827 1.593E-23 1.587E+01.05000.060 2475.46200.50-.012000              1              0                    R 15      473443 8 1 1 1 1 1   264.0  248.0
152 3135.882675 1.100E-24 1.550E+01.05000.055 2796.85040.50-.012000              1              0                    R 16      473443 8 1 1 1 1 1   280.0  264.0
151 3138.283098 3.381E-24 1.555E+01.05000.055 2800.99970.50-.012000              1              0                    R 16      473443 8 1 1 1 1 1   280.0  264.0
152 3144.070260 2.124E-25 1.517E+01.05000.050 3141.08000.50-.012000              1              0                    R 17      473443 8 1 1 1 1 1   296.0  280.0
151 3146.472178 6.510E-25 1.521E+01.05000.050 3145.73190.50-.012000              1              0                    R 17      473443 8 1 1 1 1 1   296.0  280.0
152 3151.460078 3.724E-26 1.481E+01.05000.050 3504.26880.50-.012000              1              0                    R 18      473443 8 1 1 1 1 1   312.0  296.0
151 3153.861566 1.138E-25 1.485E+01.05000.050 3509.44900.50-.012000              1              0                    R 18      473443 8 1 1 1 1 1   312.0  296.0
151 3160.443032 1.811E-26 1.448E+01.05000.050 3891.93750.50-.012000              1              0                    R 19      473443 8 1 1 1 1 1   328.0  312.0
151 5159.440612 2.294E-26 1.616E+00.05000.055 3145.73190.15-.009000              2              0                    P 17      463443 8 1 1 1 1 1   264.0  280.0
152 5194.557874 3.712E-26 1.621E+00.05000.060 2796.85040.15-.009000              2              0                    P 16      463443 8 1 1 1 1 1   248.0  264.0
151 5197.811557 1.142E-25 1.627E+00.05000.060 2800.99970.15-.009000              2              0                    P 16      463443 8 1 1 1 1 1   248.0  264.0
152 5231.879391 1.674E-25 1.632E+00.00600.065 2471.78880.15-.009000              2              0                    P 15      463443 8 1 1 1 1 1   232.0  248.0
151 5235.200435 5.162E-25 1.638E+00.00600.060 2475.46200.15-.009000              2              0                    P 15      463443 8 1 1 1 1 1   232.0  248.0
152 5268.205577 6.844E-25 1.645E+00.00700.070 2166.08270.15-.009000              2              0                    P 14      463443 8 1 1 1 1 1   216.0  232.0
151 5271.591897 2.115E-24 1.651E+00.00700.070 2169.30650.15-.009000              2              0                    P 14      463443 8 1 1 1 1 1   216.0  232.0
152 5303.521173 2.533E-24 1.658E+00.00800.075 1879.92190.15-.009000              2              0                    P 13      463443 8 1 1 1 1 1   200.0  216.0
151 5306.970639 7.844E-24 1.664E+00.00800.075 1882.72390.15-.009000              2              0                    P 13      463443 8 1 1 1 1 1   200.0  216.0
151 5321.584525 1.128E-26 5.654E+00.04390.189 3310.77730.35-.007500              3              1                    P  6      465443 8 1 1 1 1 1    88.0  104.0
152 5337.810987 8.471E-24 1.672E+00.00900.080 1613.47450.15-.009000              2              0                    P 12      463443 8 1 1 1 1 1   184.0  200.0
151 5341.321422 2.629E-23 1.678E+00.00900.080 1615.88260.15-.009000              2              0                    P 12      463443 8 1 1 1 1 1   184.0  200.0
151 5347.675935 1.686E-26 5.787E+00.05410.223 3189.59290.46-.007700              3              1                    P  5      465443 8 1 1 1 1 1    72.0   88.0
152 5371.059918 2.556E-23 1.687E+00.01200.085 1366.90060.15-.009000              2              0                    P 11      465443 8 1 1 1 1 1   168.0  184.0
151 5372.629586 2.195E-26 5.982E+00.06440.249 3088.49140.61-.007900              3              1                    P  4      465443 8 1 1 1 1 1    56.0   72.0
151 5374.629097 7.945E-23 1.694E+00.01200.085 1368.94310.15-.009000              2              0                    P 11      465443 8 1 1 1 1 1   168.0  184.0
151 5396.432022 2.431E-26 6.313E+00.07240.253 3007.53530.71-.005900              3              1                    P  3      465443 8 1 1 1 1 1    40.0   56.0
152 5403.252970 6.942E-23 1.704E+00.01600.095 1140.34830.15-.009000              2              0                    P 10      465443 8 1 1 1 1 1   152.0  168.0
151 5406.878625 2.161E-22 1.710E+00.01600.095 1142.05420.15-.009000              2              0                    P 10      465443 8 1 1 1 1 1   152.0  168.0
151 5419.070003 2.170E-26 7.049E+00.07990.239 2946.77450.69-.004300              3              1                    P  2      465443 8 1 1 1 1 1    24.0   40.0
152 5434.375278 1.693E-22 1.723E+00.02020.110  933.95390.14-.008400              2              0                    P  9      465443 8 1 1 1 1 1   136.0  152.0
151 5438.055093 5.280E-22 1.730E+00.02020.110  935.35250.14-.008400              2              0                    P  9      465443 8 1 1 1 1 1   136.0  152.0
151 5440.530518 1.318E-26 1.063E+01.08920.223 2906.24650.65-.007000              3              1                    P  1      465443 8 1 1 1 1 1     8.0   24.0
152 5464.412125 3.698E-22 1.745E+00.02640.126  747.84200.13-.007900              2              0                    P  8      465443 8 1 1 1 1 1   120.0  136.0
151 5468.143741 1.155E-21 1.753E+00.02640.126  748.96290.13-.007900              2              0                    P  8      465443 8 1 1 1 1 1   120.0  136.0
151 5479.868338 1.448E-26 3.579E+00.08940.222 2885.97620.740.001000              3              1                    R  0      465443 8 1 1 1 1 1    24.0    8.0
152 5493.348961 7.203E-22 1.771E+00.03370.153  582.12470.25-.007400              2              0                    P  7      465443 8 1 1 1 1 1   104.0  120.0
151 5497.129972 2.252E-21 1.778E+00.03370.157  582.99800.25-.007400              2              0                    P  7      465443 8 1 1 1 1 1   104.0  120.0
151 5497.720888 2.620E-26 4.316E+00.07930.238 2906.24650.76-.004100              3              1                    R  1      465443 8 1 1 1 1 1    40.0   24.0
152 5510.528674 1.038E-26 4.630E+00.07180.245 2944.57860.72-.004900              3              1                    R  2      465443 8 1 1 1 1 1    56.0   40.0
151 5514.346485 3.224E-26 4.648E+00.07180.247 2946.77450.72-.004900              3              1                    R  2      465443 8 1 1 1 1 1    56.0   40.0
152 5521.171420 1.245E-21 1.804E+00.04390.188  436.90220.35-.007500              2              0                    P  6      465443 8 1 1 1 1 1    88.0  104.0
151 5524.999376 3.895E-21 1.811E+00.04390.189  437.55800.35-.007500              2              0                    P  6      465443 8 1 1 1 1 1    88.0  104.0
152 5525.896737 1.030E-26 4.826E+00.06240.237 3005.24960.71-.005600              3              1                    R  3      465443 8 1 1 1 1 1    72.0   56.0
151 5529.733452 3.198E-26 4.845E+00.06240.241 3007.53530.71-.005600              3              1                    R  3      465443 8 1 1 1 1 1    72.0   56.0
151 5543.870407 2.697E-26 4.980E+00.05370.218 3088.49140.58-.008000              3              1                    R  4      465443 8 1 1 1 1 1    88.0   72.0
152 5547.865338 1.893E-21 1.847E+00.05410.221  312.26210.46-.007700              2              0                    P  5      465443 8 1 1 1 1 1    72.0   88.0
151 5551.737746 5.929E-21 1.854E+00.05410.223  312.73110.46-.007700              2              0                    P  5      465443 8 1 1 1 1 1    72.0   88.0
151 5556.746272 1.981E-26 5.083E+00.04300.187 3189.59290.35-.010600              3              1                    R  5      465443 8 1 1 1 1 1   104.0   88.0
151 5568.350280 1.284E-26 5.167E+00.03300.154 3310.77730.40-.012200              3              1                    R  6      465443 8 1 1 1 1 1   120.0  104.0
152 5573.416768 2.501E-21 1.911E+00.06440.247  208.27990.61-.007900              2              0                    P  4      465443 8 1 1 1 1 1    56.0   72.0
151 5577.331092 7.839E-21 1.918E+00.06440.249  208.59290.61-.007900              2              0                    P  4      465443 8 1 1 1 1 1    56.0   72.0
152 5597.811999 2.802E-21 2.017E+00.07240.253  125.01840.71-.005900              2              0                    P  3      465443 8 1 1 1 1 1    40.0   56.0
151 5601.765661 8.788E-21 2.025E+00.07240.253  125.20640.71-.005900              2              0                    P  3      465443 8 1 1 1 1 1    40.0   56.0
152 5621.037568 2.524E-21 2.253E+00.07990.243   62.52820.69-.004300              2              0                    P  2      465443 8 1 1 1 1 1    24.0   40.0
151 5625.027949 7.919E-21 2.262E+00.07990.239   62.62220.69-.004300              2              0                    P  2      465443 8 1 1 1 1 1    24.0   40.0
152 5643.080276 1.541E-21 3.397E+00.08920.222   20.84700.65-.007000              2              0                    P  1      465443 8 1 1 1 1 1     8.0   24.0
151 5647.104716 4.838E-21 3.411E+00.08920.223   20.87830.65-.007000              2              0                    P  1      465443 8 1 1 1 1 1     8.0   24.0
152 5683.565708 1.700E-21 1.145E+00.08940.218    0.00000.740.001000              2              0                    R  0      465443 8 1 1 1 1 1    24.0    8.0
151 5687.650131 5.337E-21 1.149E+00.08940.222    0.00000.740.001000              2              0                    R  0      465443 8 1 1 1 1 1    24.0    8.0
152 5701.983470 3.069E-21 1.381E+00.07930.236   20.84700.76-.004100              2              0                    R  1      465443 8 1 1 1 1 1    40.0   24.0
151 5706.093742 9.633E-21 1.387E+00.07930.238   20.87830.76-.004100              2              0                    R  1      465443 8 1 1 1 1 1    40.0   24.0
152 5719.168468 3.757E-21 1.488E+00.07180.245   62.52820.72-.004900              2              0                    R  2      465443 8 1 1 1 1 1    56.0   40.0
151 5723.301778 1.179E-20 1.494E+00.07180.247   62.62220.72-.004900              2              0                    R  2      465443 8 1 1 1 1 1    56.0   40.0
152 5735.109008 3.697E-21 1.552E+00.06240.237  125.01840.71-.005600              2              0                    R  3      465443 8 1 1 1 1 1    72.0   56.0
151 5739.262511 1.160E-20 1.558E+00.06240.241  125.20640.71-.005600              2              0                    R  3      465443 8 1 1 1 1 1    72.0   56.0
152 5749.793727 3.084E-21 1.596E+00.05370.216  208.27990.58-.008000              2              0                    R  4      465443 8 1 1 1 1 1    88.0   72.0
151 5753.964545 9.668E-21 1.602E+00.05370.218  208.59290.58-.008000              2              0                    R  4      465443 8 1 1 1 1 1    88.0   72.0
152 5763.211604 2.234E-21 1.629E+00.04300.182  312.26210.35-.010600              2              0                    R  5      465443 8 1 1 1 1 1   104.0   88.0
151 5767.396825 6.999E-21 1.636E+00.04300.187  312.73110.35-.010600              2              0                    R  5      465443 8 1 1 1 1 1   104.0   88.0
152 5775.351966 1.424E-21 1.656E+00.03300.153  436.90220.40-.012200              2              0                    R  6      465443 8 1 1 1 1 1   120.0  104.0
151 5779.548649 4.457E-21 1.663E+00.03300.154  437.55800.40-.012200              2              0                    R  6      465443 8 1 1 1 1 1   120.0  104.0
152 5786.204493 8.049E-22 1.679E+00.02560.126  582.12470.29-.012600              2              0                    R  7      465443 8 1 1 1 1 1   136.0  120.0
151 5790.409667 2.516E-21 1.686E+00.02560.123  582.99800.29-.012600              2              0                    R  7      465443 8 1 1 1 1 1   136.0  120.0
152 5795.759226 4.055E-22 1.700E+00.01990.108  747.84200.30-.012900              2              0                    R  8      465443 8 1 1 1 1 1   152.0  136.0
151 5799.969890 1.266E-21 1.706E+00.01990.106  748.96290.30-.012900              2              0                    R  8      465443 8 1 1 1 1 1   152.0  136.0
152 5804.006567 1.828E-22 1.718E+00.01570.097  933.95390.35-.012700              2              0                    R  9      465443 8 1 1 1 1 1   168.0  152.0
151 5808.219696 5.701E-22 1.725E+00.01570.097  935.35250.35-.012700              2              0                    R  9      465443 8 1 1 1 1 1   168.0  152.0
152 5810.937286 7.398E-23 1.735E+00.01300.085 1140.34830.50-.012200              2              0                    R 10      465443 8 1 1 1 1 1   184.0  168.0
151 5815.149826 2.303E-22 1.742E+00.01300.085 1142.05420.50-.012200              2              0                    R 10      465443 8 1 1 1 1 1   184.0  168.0
152 5816.542517 2.693E-23 1.751E+00.00900.080 1366.90060.50-.012000              2              0                    R 11      463443 8 1 1 1 1 1   200.0  184.0
151 5820.751393 8.371E-23 1.758E+00.00900.080 1368.94310.50-.012000              2              0                    R 11      463443 8 1 1 1 1 1   200.0  184.0
152 5820.813765 8.837E-24 1.767E+00.00800.075 1613.47450.50-.012000              2              0                    R 12      463443 8 1 1 1 1 1   216.0  200.0
152 5823.742896 2.618E-24 1.781E+00.00700.070 1879.92190.50-.012000              2              0                    R 13      463443 8 1 1 1 1 1   232.0  216.0
152 5824.401688 3.749E-26 1.823E+00.05000.055 2796.85040.50-.012000              2              0                    R 16      463443 8 1 1 1 1 1   280.0  264.0
151 5825.015877 2.742E-23 1.774E+00.00800.075 1615.88260.50-.012000              2              0                    R 12      463443 8 1 1 1 1 1   216.0  200.0
152 5825.322143 7.016E-25 1.795E+00.00600.060 2166.08270.50-.012000              2              0                    R 14      463443 8 1 1 1 1 1   248.0  232.0
152 5825.544094 1.703E-25 1.809E+00.05000.060 2471.78880.50-.012000              2              0                    R 15      463443 8 1 1 1 1 1   264.0  248.0
151 5826.009315 2.301E-26 1.843E+00.05000.070 3145.73190.50-.012000              2              0                    R 17      463443 8 1 1 1 1 1   296.0  280.0
151 5827.935125 8.108E-24 1.788E+00.00700.070 1882.72390.50-.012000              2              0                    R 13      463443 8 1 1 1 1 1   232.0  216.0
151 5828.545347 1.154E-25 1.831E+00.05000.055 2800.99970.50-.012000              2              0                    R 16      463443 8 1 1 1 1 1   280.0  264.0
151 5829.501347 2.168E-24 1.802E+00.00600.065 2169.30650.50-.012000              2              0                    R 14      463443 8 1 1 1 1 1   248.0  232.0
151 5829.707114 5.251E-25 1.816E+00.05000.060 2475.46200.50-.012000              2              0                    R 15      463443 8 1 1 1 1 1   264.0  248.0
151 7895.988121 1.116E-26 1.954E-02.00700.070 2169.30650.15-.009000              3              0                    P 14      453443 8 1 1 1 1 1   216.0  232.0
152 7933.979230 1.356E-26 1.986E-02.00800.075 1879.92190.15-.009000              3              0                    P 13      453443 8 1 1 1 1 1   200.0  216.0
151 7939.118056 4.203E-26 1.995E-02.00800.075 1882.72390.15-.009000              3              0                    P 13      453443 8 1 1 1 1 1   200.0  216.0
152 7975.413629 4.605E-26 2.029E-02.00900.080 1613.47450.15-.009000              3              0                    P 12      453443 8 1 1 1 1 1   184.0  200.0
151 7980.629563 1.430E-25 2.038E-02.00900.080 1615.88260.15-.009000              3              0                    P 12      453443 8 1 1 1 1 1   184.0  200.0
152 8015.216675 1.411E-25 2.074E-02.01200.085 1366.90060.15-.009000              3              0                    P 11      455443 8 1 1 1 1 1   168.0  184.0
151 8020.506165 4.389E-25 2.084E-02.01200.085 1368.94310.15-.009000              3              0                    P 11      455443 8 1 1 1 1 1   168.0  184.0
152 8053.372136 3.890E-25 2.121E-02.01600.095 1140.34830.15-.009000              3              0                    P 10      455443 8 1 1 1 1 1   152.0  168.0
151 8058.731580 1.212E-24 2.131E-02.01600.095 1142.05420.15-.009000              3              0                    P 10      455443 8 1 1 1 1 1   152.0  168.0
152 8089.864001 9.634E-25 2.173E-02.02020.110  933.95390.14-.008400              3              0                    P  9      455443 8 1 1 1 1 1   136.0  152.0
151 8095.289746 3.006E-24 2.183E-02.02020.110  935.35250.14-.008400              3              0                    P  9      455443 8 1 1 1 1 1   136.0  152.0
152 8124.676506 2.136E-24 2.229E-02.02640.126  747.84200.13-.007900              3              0                    P  8      455443 8 1 1 1 1 1   120.0  136.0
151 8130.164851 6.675E-24 2.239E-02.02640.126  748.96290.13-.007900              3              0                    P  8      455443 8 1 1 1 1 1   120.0  136.0
152 8157.794155 4.224E-24 2.291E-02.03370.153  582.12470.25-.007400              3              0                    P  7      455443 8 1 1 1 1 1   104.0  120.0
151 8163.341353 1.322E-23 2.302E-02.03370.157  582.99800.25-.007400              3              0                    P  7      455443 8 1 1 1 1 1   104.0  120.0
152 8189.201749 7.411E-24 2.363E-02.04390.188  436.90220.35-.007500              3              0                    P  6      455443 8 1 1 1 1 1    88.0  104.0
151 8194.804004 2.321E-23 2.374E-02.04390.189  437.55800.35-.007500              3              0                    P  6      455443 8 1 1 1 1 1    88.0  104.0
152 8218.884399 1.144E-23 2.450E-02.05410.221  312.26210.46-.007700              3              0                    P  5      455443 8 1 1 1 1 1    72.0   88.0
151 8224.537870 3.587E-23 2.462E-02.05410.223  312.73110.46-.007700              3              0                    P  5      455443 8 1 1 1 1 1    72.0   88.0
152 8246.827552 1.535E-23 2.567E-02.06440.247  208.27990.61-.007900              3              0                    P  4      455443 8 1 1 1 1 1    56.0   72.0
151 8252.528352 4.816E-23 2.580E-02.06440.249  208.59290.61-.007900              3              0                    P  4      455443 8 1 1 1 1 1    56.0   72.0
152 8273.017006 1.747E-23 2.747E-02.07240.253  125.01840.71-.005900              3              0                    P  3      455443 8 1 1 1 1 1    40.0   56.0
151 8278.761205 5.483E-23 2.759E-02.07240.253  125.20640.71-.005900              3              0                    P  3      455443 8 1 1 1 1 1    40.0   56.0
152 8297.438929 1.598E-23 3.109E-02.07990.243   62.52820.69-.004300              3              0                    P  2      455443 8 1 1 1 1 1    24.0   40.0
151 8303.222555 5.018E-23 3.123E-02.07990.239   62.62220.69-.004300              3              0                    P  2      455443 8 1 1 1 1 1    24.0   40.0
152 8320.079876 9.913E-24 4.750E-02.08920.222   20.84700.65-.007000              3              0                    P  1      455443 8 1 1 1 1 1     8.0   24.0
151 8325.898916 3.114E-23 4.772E-02.08920.223   20.87830.65-.007000              3              0                    P  1      455443 8 1 1 1 1 1     8.0   24.0
152 8359.967069 1.128E-23 1.644E-02.08940.218    0.00000.740.001000              3              0                    R  0      455443 8 1 1 1 1 1    24.0    8.0
151 8365.844738 3.546E-23 1.652E-02.08940.222    0.00000.740.001000              3              0                    R  0      455443 8 1 1 1 1 1    24.0    8.0
152 8377.188477 2.070E-23 2.011E-02.07930.236   20.84700.76-.004100              3              0                    R  1      455443 8 1 1 1 1 1    40.0   24.0
151 8383.089286 6.504E-23 2.021E-02.07930.238   20.87830.76-.004100              3              0                    R  1      455443 8 1 1 1 1 1    40.0   24.0
152 8392.579252 2.576E-23 2.197E-02.07180.245   62.52820.72-.004900              3              0                    R  2      455443 8 1 1 1 1 1    56.0   40.0
151 8398.499037 8.091E-23 2.208E-02.07180.247   62.62220.72-.004900              3              0                    R  2      455443 8 1 1 1 1 1    56.0   40.0
152 8406.128069 2.577E-23 2.324E-02.06240.237  125.01840.71-.005600              3              0                    R  3      455443 8 1 1 1 1 1    72.0   56.0
151 8412.062634 8.091E-23 2.335E-02.06240.241  125.20640.71-.005600              3              0                    R  3      455443 8 1 1 1 1 1    72.0   56.0
152 8417.824055 2.186E-23 2.424E-02.05370.216  208.27990.58-.008000              3              0                    R  4      455443 8 1 1 1 1 1    88.0   72.0
151 8423.769172 6.860E-23 2.436E-02.05370.218  208.59290.58-.008000              3              0                    R  4      455443 8 1 1 1 1 1    88.0   72.0
152 8427.656798 1.611E-23 2.512E-02.04300.182  312.26210.35-.010600              3              0                    R  5      455443 8 1 1 1 1 1   104.0   88.0
151 8433.608207 5.051E-23 2.524E-02.04300.187  312.73110.35-.010600              3              0                    R  5      455443 8 1 1 1 1 1   104.0   88.0
152 8435.616346 1.045E-23 2.593E-02.03300.153  436.90220.40-.012200              3              0                    R  6      455443 8 1 1 1 1 1   120.0  104.0
151 8436.629476 1.851E-26 3.223E-02.00600.065 2169.30650.50-.012000              3              0                    R 14      453443 8 1 1 1 1 1   248.0  232.0
152 8438.145758 2.188E-26 3.125E-02.00700.070 1879.92190.50-.012000              3              0                    R 13      453443 8 1 1 1 1 1   232.0  216.0
151 8441.569759 3.273E-23 2.605E-02.03300.154  437.55800.40-.012200              3              0                    R  6      455443 8 1 1 1 1 1   120.0  104.0
152 8441.693216 6.010E-24 2.669E-02.02560.126  582.12470.29-.012600              3              0                    R  7      455443 8 1 1 1 1 1   136.0  120.0
152 8443.538094 7.240E-26 3.046E-02.00800.075 1613.47450.50-.012000              3              0                    R 12      453443 8 1 1 1 1 1   216.0  200.0
151 8443.991094 6.783E-26 3.140E-02.00700.070 1882.72390.50-.012000              3              0                    R 13      453443 8 1 1 1 1 1   232.0  216.0
152 8445.878392 3.083E-24 2.744E-02.01990.108  747.84200.30-.012900              3              0                    R  8      455443 8 1 1 1 1 1   152.0  136.0
152 8447.000575 2.164E-25 2.968E-02.00900.080 1366.90060.50-.012000              3              0                    R 11      453443 8 1 1 1 1 1   200.0  184.0
151 8447.644319 1.881E-23 2.683E-02.02560.123  582.99800.29-.012600              3              0                    R  7      455443 8 1 1 1 1 1   136.0  120.0
152 8448.163324 1.415E-24 2.817E-02.01570.097  933.95390.35-.012700              3              0                    R  9      455443 8 1 1 1 1 1   168.0  152.0
152 8448.539927 5.834E-25 2.893E-02.01300.085 1140.34830.05-.012200              3              0                    R 10      455443 8 1 1 1 1 1   184.0  168.0
151 8449.412101 2.249E-25 3.061E-02.00800.075 1615.88260.50-.012000              3              0                    R 12      453443 8 1 1 1 1 1   216.0  200.0
151 8451.822845 9.635E-24 2.757E-02.01990.106  748.96290.30-.012900              3              0                    R  8      455443 8 1 1 1 1 1   152.0  136.0
151 8452.898811 6.735E-25 2.983E-02.00900.080 1368.94310.50-.012000              3              0                    R 11      453443 8 1 1 1 1 1   200.0  184.0
151 8454.096764 4.418E-24 2.832E-02.01570.097  935.35250.35-.012700              3              0                    R  9      455443 8 1 1 1 1 1   168.0  152.0
151 8454.457968 1.818E-24 2.906E-02.01300.085 1142.05420.50-.012200              3              0                    R 10      455443 8 1 1 1 1 1   184.0  168.0
15110649.849996 1.330E-26 1.671E-04.02020.110  935.35250.14-.008400              4              0                    P  9      455443 8 1 1 1 1 1   136.0  152.0
15110689.497305 2.938E-26 1.704E-04.02640.126  748.96290.13-.007900              4              0                    P  8      455443 8 1 1 1 1 1   120.0  136.0
15210719.691956 1.848E-26 1.731E-04.03370.153  582.12470.25-.007400              4              0                    P  7      455443 8 1 1 1 1 1   104.0  120.0
15110726.851167 5.791E-26 1.741E-04.03370.157  582.99800.25-.007400              4              0                    P  7      455443 8 1 1 1 1 1   104.0  120.0
15210754.673294 3.231E-26 1.777E-04.04390.188  436.90220.35-.007500              4              0                    P  6      455443 8 1 1 1 1 1    88.0  104.0
15110761.895674 1.013E-25 1.787E-04.04390.189  437.55800.35-.007500              4              0                    P  6      455443 8 1 1 1 1 1    88.0  104.0
15210787.334967 4.975E-26 1.836E-04.05410.221  312.26210.46-.007700              4              0                    P  5      455443 8 1 1 1 1 1    72.0   88.0
15110794.615321 1.562E-25 1.847E-04.05410.223  312.73110.46-.007700              4              0                    P  5      455443 8 1 1 1 1 1    72.0   88.0
15210817.661933 6.663E-26 1.918E-04.06440.247  208.27990.61-.007900              4              0                    P  4      455443 8 1 1 1 1 1    56.0   72.0
15110824.995023 2.094E-25 1.930E-04.06440.249  208.59290.61-.007900              4              0                    P  4      455443 8 1 1 1 1 1    56.0   72.0
15210845.639596 7.577E-26 2.047E-04.07240.253  125.01840.71-.005900              4              0                    P  3      455443 8 1 1 1 1 1    40.0   56.0
15110853.020140 2.383E-25 2.061E-04.07240.253  125.20640.71-.005900              4              0                    P  3      455443 8 1 1 1 1 1    40.0   56.0
15210871.253826 6.937E-26 2.316E-04.07990.243   62.52820.69-.004300              4              0                    P  2      455443 8 1 1 1 1 1    24.0   40.0
15110878.676500 2.182E-25 2.331E-04.07990.239   62.62220.69-.004300              4              0                    P  2      455443 8 1 1 1 1 1    24.0   40.0
15210894.490976 4.313E-26 3.543E-04.08920.222   20.84700.65-.007000              4              0                    P  1      455443 8 1 1 1 1 1     8.0   24.0
15110901.950416 1.357E-25 3.565E-04.08920.223   20.87830.65-.007000              4              0                    P  1      455443 8 1 1 1 1 1     8.0   24.0
15210933.781966 4.952E-26 1.234E-04.08940.218    0.00000.740.001000              4              0                    R  0      455443 8 1 1 1 1 1    24.0    8.0
15110941.298683 1.559E-25 1.243E-04.08940.222    0.00000.740.001000              4              0                    R  0      455443 8 1 1 1 1 1    24.0    8.0
15210949.811067 9.146E-26 1.518E-04.07930.236   20.84700.76-.004100              4              0                    R  1      455443 8 1 1 1 1 1    40.0   24.0
15110957.348221 2.878E-25 1.528E-04.07930.238   20.87830.76-.004100              4              0                    R  1      455443 8 1 1 1 1 1    40.0   24.0
15210963.413633 1.148E-25 1.671E-04.07180.245   62.52820.72-.004900              4              0                    R  2      455443 8 1 1 1 1 1    56.0   40.0
15110970.965709 3.610E-25 1.681E-04.07180.247   62.62220.72-.004900              4              0                    R  2      455443 8 1 1 1 1 1    56.0   40.0
15210974.578637 1.159E-25 1.781E-04.06240.237  125.01840.71-.005600              4              0                    R  3      455443 8 1 1 1 1 1    72.0   56.0
15110982.140086 3.646E-25 1.793E-04.06240.241  125.20640.71-.005600              4              0                    R  3      455443 8 1 1 1 1 1    72.0   56.0
15210983.295600 9.953E-26 1.879E-04.05370.216  208.27990.58-.008000              4              0                    R  4      455443 8 1 1 1 1 1    88.0   72.0
15210989.554598 7.435E-26 1.971E-04.04300.182  312.26210.35-.010600              4              0                    R  5      455443 8 1 1 1 1 1   104.0   88.0
15110990.860843 3.128E-25 1.891E-04.05370.218  208.59290.58-.008000              4              0                    R  4      455443 8 1 1 1 1 1    88.0   72.0
15210993.346261 4.896E-26 2.063E-04.03300.153  436.90220.40-.012200              4              0                    R  6      455443 8 1 1 1 1 1   120.0  104.0
15210993.492854 1.498E-26 2.259E-04.01990.108  747.84200.30-.012900              4              0                    R  8      455443 8 1 1 1 1 1   152.0  136.0
15210994.661769 2.866E-26 2.159E-04.02560.126  582.12470.29-.012600              4              0                    R  7      455443 8 1 1 1 1 1   136.0  120.0
15110997.118020 2.335E-25 1.984E-04.04300.187  312.73110.35-.010600              4              0                    R  5      455443 8 1 1 1 1 1   104.0   88.0
15110997.331069 2.197E-26 2.383E-04.01570.085  935.35250.35-.012700              4              0                    R  9      455443 8 1 1 1 1 1   168.0  152.0
15111000.902213 1.536E-25 2.076E-04.03300.154  437.55800.40-.012200              4              0                    R  6      455443 8 1 1 1 1 1   120.0  104.0
15111001.016778 4.691E-26 2.274E-04.01990.106  748.96290.30-.012900              4              0                    R  8      455443 8 1 1 1 1 1   152.0  136.0
15111002.204569 8.983E-26 2.173E-04.02560.123  582.99800.29-.012600              4              0                    R  7      455443 8 1 1 1 1 1   136.0  120.0
15113262.088089 1.126E-26 2.010E-05.05410.223  312.73110.46-.007700              5              0                    P  5      455443 8 1 1 1 1 1    72.0   88.0
15113294.856397 1.559E-26 2.167E-05.06440.249  208.59290.61-.007900              5              0                    P  4      455443 8 1 1 1 1 1    56.0   72.0
15113324.673220 1.826E-26 2.380E-05.07240.253  125.20640.71-.005900              5              0                    P  3      455443 8 1 1 1 1 1    40.0   56.0
15113351.524170 1.714E-26 2.758E-05.07990.239   62.62220.69-.004300              5              0                    P  2      455443 8 1 1 1 1 1    24.0   40.0
15113375.395416 1.089E-26 4.307E-05.08920.223   20.87830.65-.007000              5              0                    P  1      455443 8 1 1 1 1 1     8.0   24.0
15113414.146352 1.287E-26 1.542E-05.08940.222    0.00000.740.001000              5              0                    R  0      455443 8 1 1 1 1 1    24.0    8.0
15113429.001300 2.394E-26 1.909E-05.07930.238   20.87830.76-.004100              5              0                    R  1      455443 8 1 1 1 1 1    40.0   24.0
15113440.827083 3.011E-26 2.104E-05.07180.247   62.62220.72-.004900              5              0                    R  2      455443 8 1 1 1 1 1    56.0   40.0
15113449.612853 3.035E-26 2.239E-05.06240.241  125.20640.71-.005600              5              0                    R  3      455443 8 1 1 1 1 1    72.0   56.0
15113455.348382 2.585E-26 2.342E-05.05370.218  208.59290.58-.008000              5              0                    R  4      455443 8 1 1 1 1 1    88.0   72.0
15113457.630890 1.232E-26 2.492E-05.03300.154  437.55800.40-.012200              5              0                    R  6      455443 8 1 1 1 1 1   120.0  104.0
15113458.024059 1.906E-26 2.425E-05.04300.187  312.73110.35-.010600              5              0                    R  5      455443 8 1 1 1 1 1   104.0   88.0
