221 1992.627702 1.590E-34 3.463E-09.02730.027 3247.45710.200.000000              1              0                    O 40q     335440 3 2 2 1 1 0   462.0  486.0
221 2001.698893 1.704E-34 3.573E-09.02730.027 3089.76050.200.000000              1              0                    O 39q     335440 3 2 2 1 1 0   225.0  237.0
221 2010.745740 7.161E-34 3.686E-09.02730.027 2935.93570.200.000000              1              0                    O 38q     335440 3 2 2 1 1 0   438.0  462.0
221 2019.767981 7.379E-34 3.802E-09.02730.027 2785.98810.200.000000              1              0                    O 37q     335440 3 2 2 1 1 0   213.0  225.0
221 2028.765353 2.981E-33 3.921E-09.02730.027 2639.92280.200.000000              1              0                    O 36q     335440 3 2 2 1 1 0   414.0  438.0
221 2037.737593 2.954E-33 4.044E-09.02730.027 2497.74500.200.000000              1              0                    O 35q     335440 3 2 2 1 1 0   201.0  213.0
221 2046.684438 1.147E-32 4.169E-09.02730.027 2359.45950.200.000000              1              0                    O 34q     335440 3 2 2 1 1 0   390.0  414.0
221 2055.605624 1.092E-32 4.298E-09.02730.027 2225.07130.200.000000              1              0                    O 33q     335440 3 2 2 1 1 0   189.0  201.0
221 2064.500885 4.075E-32 4.431E-09.02730.027 2094.58490.200.000000              1              0                    O 32q     335440 3 2 2 1 1 0   366.0  390.0
221 2073.369957 3.726E-32 4.568E-09.02730.027 1968.00490.200.000000              1              0                    O 31q     335440 3 2 2 1 1 0   177.0  189.0
221 2082.212574 1.335E-31 4.707E-09.02730.027 1845.33580.200.000000              1              0                    O 30q     335440 3 2 2 1 1 0   342.0  366.0
221 2091.028471 1.173E-31 4.852E-09.02730.027 1726.58160.200.000000              1              0                    O 29q     335440 3 2 2 1 1 0   165.0  177.0
221 2099.817381 4.037E-31 5.000E-09.02730.027 1611.74670.200.000000              1              0                    O 28q     335440 3 2 2 1 1 0   318.0  342.0
221 2108.579037 3.403E-31 5.152E-09.02730.027 1500.83500.200.000000              1              0                    O 27q     335440 3 2 2 1 1 0   153.0  165.0
221 2117.313172 1.124E-30 5.308E-09.02730.027 1393.85030.200.000000              1              0                    O 26q     335440 3 2 2 1 1 0   294.0  318.0
221 2126.019518 9.094E-31 5.472E-09.02730.027 1290.79630.200.000000              1              0                    O 25q     335440 3 2 2 1 1 0   141.0  153.0
221 2134.697807 2.881E-30 5.637E-09.02730.027 1191.67660.200.000000              1              0                    O 24q     335440 3 2 2 1 1 0   270.0  294.0
221 2143.347771 2.234E-30 5.808E-09.02730.027 1096.49480.200.000000              1              0                    O 23q     335440 3 2 2 1 1 0   129.0  141.0
221 2151.969141 6.786E-30 5.985E-09.02730.027 1005.25400.200.000000              1              0                    O 22q     335440 3 2 2 1 1 0   246.0  270.0
221 2160.561647 5.043E-30 6.167E-09.02730.027  917.95740.200.000000              1              0                    O 21q     335440 3 2 2 1 1 0   117.0  129.0
221 2169.125020 1.467E-29 6.357E-09.02730.027  834.60810.200.000000              1              0                    O 20q     335440 3 2 2 1 1 0   222.0  246.0
221 2177.658990 1.044E-29 6.550E-09.02930.029  755.20900.200.000000              1              0                    O 19q     335440 3 2 2 1 1 0   105.0  117.0
221 2186.163285 2.905E-29 6.754E-09.03100.031  679.76280.270.000000              1              0                    O 18q     335440 3 2 2 1 1 0   198.0  222.0
221 2194.637636 1.976E-29 6.963E-09.03310.033  608.27220.340.000000              1              0                    O 17q     335440 3 2 2 1 1 0    93.0  105.0
221 2203.081771 5.255E-29 7.181E-09.03520.035  540.73950.410.000000              1              0                    O 16q     335440 3 2 2 1 1 0   174.0  198.0
221 2211.495418 3.412E-29 7.410E-09.03750.037  477.16730.470.000000              1              0                    O 15q     335440 3 2 2 1 1 0    81.0   93.0
221 2219.878306 8.652E-29 7.651E-09.03990.040  417.55760.530.000000              1              0                    O 14q     335440 3 2 2 1 1 0   150.0  174.0
221 2228.230162 5.349E-29 7.906E-09.04130.041  361.91260.570.000000              1              0                    O 13q     335440 3 2 2 1 1 0    69.0   81.0
221 2236.550715 1.289E-28 8.174E-09.04280.043  310.23410.620.000000              1              0                    O 12q     335440 3 2 2 1 1 0   126.0  150.0
221 2244.839689 7.558E-29 8.467E-09.04470.045  262.52400.650.000000              1              0                    O 11q     335440 3 2 2 1 1 0    57.0   69.0
221 2253.096814 1.722E-28 8.781E-09.04670.047  218.78390.680.000000              1              0                    O 10q     335440 3 2 2 1 1 0   102.0  126.0
221 2261.321814 9.521E-29 9.135E-09.04790.048  179.01540.710.000000              1              0                    O  9q     335440 3 2 2 1 1 0    45.0   57.0
221 2269.514417 2.035E-28 9.528E-09.04900.049  143.21970.730.000000              1              0                    O  8q     335440 3 2 2 1 1 0    78.0  102.0
221 2277.674348 1.046E-28 9.994E-09.04960.050  111.39830.740.000000              1              0                    O  7q     335440 3 2 2 1 1 0    33.0   45.0
221 2285.801332 2.060E-28 1.058E-08.05080.051   83.55210.750.000000              1              0                    O  6q     335440 3 2 2 1 1 0    54.0   78.0
221 2293.895094 9.596E-29 1.137E-08.05210.052   59.68210.750.000000              1              0                    O  5q     335440 3 2 2 1 1 0    21.0   33.0
221 2301.399874 2.306E-34 6.372E-09.02000.020 3247.45710.200.000000              1              0                    Q 40q     335440 3 2 2 1 1 0   486.0  486.0
221 2301.955361 1.661E-28 1.260E-08.05420.054   39.78920.760.000000              1              0                    O  4q     335440 3 2 2 1 1 0    30.0   54.0
221 2302.791953 2.423E-34 6.386E-09.02000.020 3089.76050.200.000000              1              0                    Q 39q     335440 3 2 2 1 1 0   237.0  237.0
221 2304.149105 9.991E-34 6.402E-09.02000.020 2935.93570.200.000000              1              0                    Q 38q     335440 3 2 2 1 1 0   462.0  462.0
221 2305.471339 1.009E-33 6.414E-09.02000.020 2785.98810.200.000000              1              0                    Q 37q     335440 3 2 2 1 1 0   225.0  225.0
221 2306.758666 4.001E-33 6.430E-09.02000.020 2639.92280.200.000000              1              0                    Q 36q     335440 3 2 2 1 1 0   438.0  438.0
221 2308.011093 3.887E-33 6.443E-09.02000.020 2497.74500.200.000000              1              0                    Q 35q     335440 3 2 2 1 1 0   213.0  213.0
221 2309.228630 1.481E-32 6.455E-09.02000.020 2359.45950.200.000000              1              0                    Q 34q     335440 3 2 2 1 1 0   414.0  414.0
221 2309.981856 6.396E-29 1.506E-08.05630.056   23.87410.770.000000              1              0                    O  3q     335440 3 2 2 1 1 0     9.0   21.0
221 2310.411285 1.384E-32 6.471E-09.02000.020 2225.07130.200.000000              1              0                    Q 33q     335440 3 2 2 1 1 0   201.0  201.0
221 2311.559067 5.066E-32 6.482E-09.02000.020 2094.58490.200.000000              1              0                    Q 32q     335440 3 2 2 1 1 0   390.0  390.0
221 2312.671983 4.547E-32 6.494E-09.02000.020 1968.00490.200.000000              1              0                    Q 31q     335440 3 2 2 1 1 0   189.0  189.0
221 2313.750041 1.600E-31 6.508E-09.02000.020 1845.33580.200.000000              1              0                    Q 30q     335440 3 2 2 1 1 0   366.0  366.0
221 2314.793248 1.379E-31 6.519E-09.02000.020 1726.58160.200.000000              1              0                    Q 29q     335440 3 2 2 1 1 0   177.0  177.0
221 2315.801613 4.661E-31 6.528E-09.02000.020 1611.74670.200.000000              1              0                    Q 28q     335440 3 2 2 1 1 0   342.0  342.0
221 2316.775142 3.859E-31 6.540E-09.02000.020 1500.83500.200.000000              1              0                    Q 27q     335440 3 2 2 1 1 0   165.0  165.0
221 2317.713842 1.252E-30 6.549E-09.02000.020 1393.85030.200.000000              1              0                    Q 26q     335440 3 2 2 1 1 0   318.0  318.0
221 2317.974304 7.668E-29 2.574E-08.05960.060   11.93730.780.000000              1              0                    O  2q     335440 3 2 2 1 1 0     6.0   30.0
221 2318.617719 9.951E-31 6.564E-09.02000.020 1290.79630.200.000000              1              0                    Q 25q     335440 3 2 2 1 1 0   153.0  153.0
221 2319.486780 3.097E-30 6.571E-09.02000.020 1191.67660.200.000000              1              0                    Q 24q     335440 3 2 2 1 1 0   294.0  294.0
221 2320.321031 2.362E-30 6.582E-09.02130.021 1096.49480.200.000000              1              0                    Q 23q     335440 3 2 2 1 1 0   141.0  141.0
221 2321.120478 7.050E-30 6.590E-09.02330.023 1005.25400.200.000000              1              0                    Q 22q     335440 3 2 2 1 1 0   270.0  270.0
221 2321.885126 5.153E-30 6.600E-09.02530.025  917.95740.200.000000              1              0                    Q 21q     335440 3 2 2 1 1 0   129.0  129.0
221 2322.614980 1.474E-29 6.607E-09.02730.027  834.60810.200.000000              1              0                    Q 20q     335440 3 2 2 1 1 0   246.0  246.0
221 2323.310047 1.032E-29 6.616E-09.02930.029  755.20900.200.000000              1              0                    Q 19q     335440 3 2 2 1 1 0   117.0  117.0
221 2323.970330 2.829E-29 6.627E-09.03310.033  679.76280.270.000000              1              0                    Q 18q     335440 3 2 2 1 1 0   222.0  222.0
221 2324.595834 1.895E-29 6.635E-09.03320.033  608.27220.340.000000              1              0                    Q 17q     335440 3 2 2 1 1 0   105.0  105.0
221 2325.186564 4.966E-29 6.643E-09.03390.034  540.73950.410.000000              1              0                    Q 16q     335440 3 2 2 1 1 0   198.0  198.0
221 2325.742524 3.179E-29 6.651E-09.03300.033  477.16730.470.000000              1              0                    Q 15q     335440 3 2 2 1 1 0    93.0   93.0
221 2326.263717 7.956E-29 6.661E-09.03570.036  417.55760.530.000000              1              0                    Q 14q     335440 3 2 2 1 1 0   174.0  174.0
221 2326.750148 4.858E-29 6.669E-09.03560.036  361.91260.570.000000              1              0                    Q 13q     335440 3 2 2 1 1 0    81.0   81.0
221 2327.201819 1.158E-28 6.678E-09.03740.037  310.23410.620.000000              1              0                    Q 12q     335440 3 2 2 1 1 0   150.0  150.0
221 2327.618735 6.724E-29 6.690E-09.04320.043  262.52400.650.000000              1              0                    Q 11q     335440 3 2 2 1 1 0    69.0   69.0
221 2328.000897 1.521E-28 6.701E-09.04660.047  218.78390.680.000000              1              0                    Q 10q     335440 3 2 2 1 1 0   126.0  126.0
221 2328.348308 8.363E-29 6.715E-09.04720.047  179.01540.710.000000              1              0                    Q  9q     335440 3 2 2 1 1 0    57.0   57.0
221 2328.660972 1.785E-28 6.732E-09.04690.047  143.21970.730.000000              1              0                    Q  8q     335440 3 2 2 1 1 0   102.0  102.0
221 2328.938889 9.223E-29 6.757E-09.04760.048  111.39830.740.000000              1              0                    Q  7q     335440 3 2 2 1 1 0    45.0   45.0
221 2329.182063 1.839E-28 6.791E-09.04700.047   83.55210.750.000000              1              0                    Q  6q     335440 3 2 2 1 1 0    78.0   78.0
221 2329.390494 8.803E-29 6.842E-09.04730.047   59.68210.750.000000              1              0                    Q  5q     335440 3 2 2 1 1 0    33.0   33.0
221 2329.564185 1.608E-28 6.935E-09.04950.050   39.78920.760.000000              1              0                    Q  4q     335440 3 2 2 1 1 0    54.0   54.0
221 2329.703136 6.935E-29 7.120E-09.05090.051   23.87410.770.000000              1              0                    Q  3q     335440 3 2 2 1 1 0    21.0   21.0
221 2329.807348 1.125E-28 7.626E-09.05320.053   11.93730.780.000000              1              0                    Q  2q     335440 3 2 2 1 1 0    30.0   30.0
221 2329.876823 4.912E-29 1.068E-08.05680.057    3.97910.780.000000              1              0                    Q  1q     335440 3 2 2 1 1 0     9.0    9.0
221 2341.744605 8.571E-29 5.542E-09.06630.066    0.00000.820.000000              1              0                    S  0q     335440 3 2 2 1 1 0    30.0    6.0
221 2349.598103 7.700E-29 7.300E-09.06160.062    3.97910.780.000000              1              0                    S  1q     335440 3 2 2 1 1 0    21.0    9.0
221 2357.416172 2.154E-28 8.308E-09.05960.060   11.93730.780.000000              1              0                    S  2q     335440 3 2 2 1 1 0    54.0   30.0
221 2365.198536 1.340E-28 9.023E-09.05630.056   23.87410.770.000000              1              0                    S  3q     335440 3 2 2 1 1 0    33.0   21.0
221 2372.944916 3.099E-28 9.599E-09.05420.054   39.78920.760.000000              1              0                    S  4q     335440 3 2 2 1 1 0    78.0   54.0
221 2380.655036 1.695E-28 1.009E-08.05210.052   59.68210.750.000000              1              0                    S  5q     335440 3 2 2 1 1 0    45.0   33.0
221 2388.328618 3.548E-28 1.054E-08.05080.051   83.55210.750.000000              1              0                    S  6q     335440 3 2 2 1 1 0   102.0   78.0
221 2395.965383 1.788E-28 1.095E-08.04960.050  111.39830.740.000000              1              0                    S  7q     335440 3 2 2 1 1 0    57.0   45.0
221 2403.565055 3.486E-28 1.134E-08.04900.049  143.21970.730.000000              1              0                    S  8q     335440 3 2 2 1 1 0   126.0  102.0
221 2411.127354 1.647E-28 1.172E-08.04790.048  179.01540.710.000000              1              0                    S  9q     335440 3 2 2 1 1 0    69.0   57.0
221 2418.652002 3.024E-28 1.209E-08.04670.047  218.78390.680.000000              1              0                    S 10q     335440 3 2 2 1 1 0   150.0  126.0
221 2426.138720 1.351E-28 1.245E-08.04470.045  262.52400.650.000000              1              0                    S 11q     335440 3 2 2 1 1 0    81.0   69.0
221 2433.587230 2.354E-28 1.280E-08.04280.043  310.23410.620.000000              1              0                    S 12q     335440 3 2 2 1 1 0   174.0  150.0
221 2440.997254 1.000E-28 1.317E-08.04130.041  361.91260.570.000000              1              0                    S 13q     335440 3 2 2 1 1 0    93.0   81.0
221 2448.368511 1.658E-28 1.352E-08.03990.040  417.55760.530.000000              1              0                    S 14q     335440 3 2 2 1 1 0   198.0  174.0
221 2455.700722 6.719E-29 1.388E-08.03750.037  477.16730.470.000000              1              0                    S 15q     335440 3 2 2 1 1 0   105.0   93.0
221 2462.993609 1.064E-28 1.423E-08.03520.035  540.73950.410.000000              1              0                    S 16q     335440 3 2 2 1 1 0   222.0  198.0
221 2470.246892 4.115E-29 1.460E-08.03310.033  608.27220.340.000000              1              0                    S 17q     335440 3 2 2 1 1 0   117.0  105.0
221 2477.460290 6.228E-29 1.497E-08.03100.031  679.76280.270.000000              1              0                    S 18q     335440 3 2 2 1 1 0   246.0  222.0
221 2484.633526 2.305E-29 1.533E-08.02930.029  755.20900.200.000000              1              0                    S 19q     335440 3 2 2 1 1 0   129.0  117.0
221 2491.766317 3.340E-29 1.570E-08.02730.027  834.60810.200.000000              1              0                    S 20q     335440 3 2 2 1 1 0   270.0  246.0
221 2498.858386 1.184E-29 1.607E-08.02730.027  917.95740.200.000000              1              0                    S 21q     335440 3 2 2 1 1 0   141.0  129.0
221 2505.909451 1.644E-29 1.645E-08.02730.027 1005.25400.200.000000              1              0                    S 22q     335440 3 2 2 1 1 0   294.0  270.0
221 2512.919233 5.586E-30 1.683E-08.02730.027 1096.49480.200.000000              1              0                    S 23q     335440 3 2 2 1 1 0   153.0  141.0
221 2519.887451 7.436E-30 1.722E-08.02730.027 1191.67660.200.000000              1              0                    S 24q     335440 3 2 2 1 1 0   318.0  294.0
221 2526.813825 2.424E-30 1.761E-08.02730.027 1290.79630.200.000000              1              0                    S 25q     335440 3 2 2 1 1 0   165.0  153.0
221 2533.698074 3.095E-30 1.800E-08.02730.027 1393.85030.200.000000              1              0                    S 26q     335440 3 2 2 1 1 0   342.0  318.0
221 2540.539920 9.684E-31 1.840E-08.02730.027 1500.83500.200.000000              1              0                    S 27q     335440 3 2 2 1 1 0   177.0  165.0
221 2547.339080 1.187E-30 1.880E-08.02730.027 1611.74670.200.000000              1              0                    S 28q     335440 3 2 2 1 1 0   366.0  342.0
221 2554.095274 3.565E-31 1.920E-08.02730.027 1726.58160.200.000000              1              0                    S 29q     335440 3 2 2 1 1 0   189.0  177.0
221 2560.808223 4.198E-31 1.963E-08.02730.027 1845.33580.200.000000              1              0                    S 30q     335440 3 2 2 1 1 0   390.0  366.0
221 2567.477644 1.211E-31 2.004E-08.02730.027 1968.00490.200.000000              1              0                    S 31q     335440 3 2 2 1 1 0   201.0  189.0
221 2574.103259 1.369E-31 2.047E-08.02730.027 2094.58490.200.000000              1              0                    S 32q     335440 3 2 2 1 1 0   414.0  390.0
221 2580.684785 3.796E-32 2.091E-08.02730.027 2225.07130.200.000000              1              0                    S 33q     335440 3 2 2 1 1 0   213.0  201.0
221 2587.221943 4.126E-32 2.134E-08.02730.027 2359.45950.200.000000              1              0                    S 34q     335440 3 2 2 1 1 0   438.0  414.0
221 2593.714452 1.099E-32 2.177E-08.02730.027 2497.74500.200.000000              1              0                    S 35q     335440 3 2 2 1 1 0   225.0  213.0
221 2600.162031 1.148E-32 2.221E-08.02730.027 2639.92280.200.000000              1              0                    S 36q     335440 3 2 2 1 1 0   462.0  438.0
221 2606.564399 2.939E-33 2.267E-08.02730.027 2785.98810.200.000000              1              0                    S 37q     335440 3 2 2 1 1 0   237.0  225.0
221 2612.921276 2.951E-33 2.312E-08.02730.027 2935.93570.200.000000              1              0                    S 38q     335440 3 2 2 1 1 0   486.0  462.0
221 2619.232382 7.267E-34 2.358E-08.02730.027 3089.76050.200.000000              1              0                    S 39q     335440 3 2 2 1 1 0   249.0  237.0
221 2625.497436 7.018E-34 2.405E-08.02730.027 3247.45710.200.000000              1              0                    S 40q     335440 3 2 2 1 1 0   510.0  486.0
