500  354.35     1.000E-00 3.000E-11.07970.086  510     0.760.000000              0              0                    S(0)      587660 1 1 2 2 1 0     5.0    1.0
500  587.04     1.000E-00 4.800E-10.07970.086 1015     0.760.000000              0              0                    S(1)      587660 1 1 2 2 1 0    21.0    9.0
500  814.43     1.000E-00 2.760E-09.07970.086 1682     0.760.000000              0              0                    S(2)      587660 1 1 2 2 1 0     9.0    5.0
500 1034.67     1.000E-00 9.840E-02.07970.086 2504     0.760.000000              0              0                    S(3)      587660 1 1 2 2 1 0    33.0   21.0
500 1245.98     1.000E-00 2.640E-08.07970.086 3474     0.760.000000              0              0                    S(4)      587660 1 1 2 2 1 0    13.0    9.0
500 1447.36     1.000E-00 5.880E-08.07970.086 4586     0.760.000000              0              0                    S(5)      587660 1 1 2 2 1 0    45.0   33.0
500 1636.97     1.000E-00 1.140E-07.07970.086 5829     0.760.000000              0              0                    S(6)      587660 1 1 2 2 1 0    17.0   13.0
500 1814.40     1.000E-00 2.000E-07.07970.086 7197     0.760.000000              0              0                    S(7)      587660 1 1 2 2 1 0    57.0   45.0
500 1979.08     1.000E-00 3.240E-07.07970.086 8677     0.760.000000              0              0                    S(8)      587660 1 1 2 2 1 0    21.0   17.0
500 2139.06     1.000E-00 4.900E-07.07970.08610263     0.760.000000              0              0                    S(9)      587660 1 1 2 2 1 0    69.0   57.0
500 2267.80     1.000E-00 7.030E-07.07970.08611940     0.760.000000              0              0                    S(10)     587660 1 1 2 2 1 0    25.0   21.0
500 2391.79     1.000E-00 9.640E-07.07970.08613703     0.760.000000              0              0                    S(11)     587660 1 1 2 2 1 0    81.0   69.0
500 2503.3      1.000E-00 1.270E-06.07970.08615549     0.760.000000              0              0                    S(12)     587660 1 1 2 2 1 0    29.0   25.0
500 2599.8      1.000E-00 1.620E-06.07970.08617458     0.760.000000              0              0                    S(13)     587660 1 1 2 2 1 0    93.0   81.0
500 2685.       1.000E-00 2.000E-06.07970.08619402     0.760.000000              0              0                    S(14)     587660 1 1 2 2 1 0    33.0   29.0
500 2759.       1.000E-00 2.410E-06.07970.08621400     0.760.000000              0              0                    S(15)     587660 1 1 2 2 1 0   105.0   93.0
500 2819        1.000E-00 2.830E-06.07970.08623459     0.760.000000              0              0                    S(16)     587660 1 1 2 2 1 0    37.0   33.0
500 2870.       1.000E-00 3.260E-06.07970.08625539     0.760.000000              0              0                    S(17)     587660 1 1 2 2 1 0   117.0  105.0
500 2908.       1.000E-00 3.680E-06.07970.08627643     0.760.000000              0              0                    S(18)     587660 1 1 2 2 1 0    41.0   37.0
500 2938        1.000E-00 4.100E-06.07970.08629765     0.760.000000              0              0                    S(19)     587660 1 1 2 2 1 0   129.0  117.0
500 2959        1.000E-00 4.510E-06.07970.08631895     0.760.000000              0              0                    S(20)     587660 1 1 2 2 1 0    45.0   41.0
500 2968        1.000E-00 4.900E-06.07970.08634036     0.760.000000              0              0                    S(21)     587660 1 1 2 2 1 0   141.0  129.0
500 2971        1.000E-00 5.300E-06.07970.08636173     0.760.000000              0              0                    S(22)     587660 1 1 2 2 1 0    49.0   45.0
500 2966        1.000E-00 5.700E-06.07970.08637728     0.760.000000              0              0                    S(23)     587660 1 1 2 2 1 0   153.0  141.0
500 4497.41     1.000E-00 2.530E-07.07970.086 6471     0.760.000000              1              0                    S(0)      587660 1 1 2 2 1 0     5.0    1.0
500 4712.91     1.000E-00 3.470E-07.07970.086 6956     0.760.000000              1              0                    S(1)      587660 1 1 2 2 1 0    21.0    9.0
500 4917.01     1.000E-00 3.980E-07.07970.086 7584     0.760.000000              1              0                    S(2)      587660 1 1 2 2 1 0     9.0    5.0
500 5108.40     1.000E-00 4.210E-07.07970.086 8365     0.760.000000              1              0                    S(3)      587660 1 1 2 2 1 0    33.0   21.0
500 5282.52     1.000E-00 4.190E-07.07970.086 9286     0.760.000000              1              0                    S(4)      587660 1 1 2 2 1 0    13.0    9.0
500 5447.25     1.000E-00 3.960E-07.07970.08610341     0.760.000000              1              0                    S(5)      587660 1 1 2 2 1 0    45.0   33.0
500 5592.9      1.000E-00 3.540E-07.07970.08611522     0.760.000000              1              0                    S(6)      587660 1 1 2 2 1 0    17.0   13.0
500 5720.8      1.000E-00 2.980E-07.07970.08612817     0.760.000000              1              0                    S(7)      587660 1 1 2 2 1 0    57.0   45.0
500 5831.9      1.000E-00 2.340E-07.07970.08614221     0.760.000000              1              0                    S(8)      587660 1 1 2 2 1 0    21.0   17.0
500 5925.1      1.000E-00 1.680E-07.07970.08615722     0.760.000000              1              0                    S(9)      587660 1 1 2 2 1 0    69.0   57.0
500 6000.0      1.000E-00 1.050E-07.07970.08617311     0.760.000000              1              0                    S(10)     587660 1 1 2 2 1 0    25.0   21.0
500 6059.0      1.000E-00 5.300E-08.07970.08618979     0.760.000000              1              0                    S(11)     587660 1 1 2 2 1 0    81.0   69.0
500 4155.25     1.000E-00 4.290E-07.07970.086 6149     0.760.000000              1              0                    Q(1)      587660 1 1 2 2 1 0     9.0    9.0
500 4143.47     1.000E-00 3.030E-07.07970.086 6471     0.760.000000              1              0                    Q(2)      587660 1 1 2 2 1 0     5.0    5.0
500 4125.87     1.000E-00 2.780E-07.07970.086 6956     0.760.000000              1              0                    Q(3)      587660 1 1 2 2 1 0    21.0   21.0
500 4102.57     1.000E-00 2.650E-07.07970.086 7586     0.760.000000              1              0                    Q(4)      587660 1 1 2 2 1 0     9.0    9.0
500 4073.72     1.000E-00 2.550E-07.07970.086 8365     0.760.000000              1              0                    Q(5)      587660 1 1 2 2 1 0    33.0   33.0
500 4039.5      1.000E-00 2.450E-07.07970.086 9286     0.760.000000              1              0                    Q(6)      587660 1 1 2 2 1 0    13.0   13.0
500 3999.9      1.000E-00 2.340E-07.07970.08610341     0.760.000000              1              0                    Q(7)      587660 1 1 2 2 1 0    45.0   45.0
500 3806.79     1.000E-00 8.540E-07.07970.086 5987     0.760.000000              1              0                    O(2)      587660 1 1 2 2 1 0     1.0    5.0
500 3568.21     1.000E-00 4.230E-07.07970.086 6149     0.760.000000              1              0                    O(3)      587660 1 1 2 2 1 0     9.0   21.0
500 3329.03     1.000E-00 2.900E-07.07970.086 6471     0.760.000000              1              0                    O(4)      587660 1 1 2 2 1 0     5.0    9.0
500 3091.19     1.000E-00 2.090E-07.07970.086 6956     0.760.000000              1              0                    O(5)      587660 1 1 2 2 1 0    21.0   33.0 
500 2856.55     1.000E-00 1.500E-07.07970.086 7485     0.760.000000              1              0                    O(6)      587660 1 1 2 2 1 0     9.0   13.0
500 2626.37     1.000E-00 1.060E-07.07970.086 8365     0.760.000000              1              0                    O(7)      587660 1 1 2 2 1 0    33.0   45.0
500 2402.4      1.000E-00 0.740E-07.07970.086 9286     0.760.000000              1              0                    O(8)      587660 1 1 2 2 1 0    13.0   17.0
500 4245.15     1.000E-00 3.680E-07.07970.08612095     0.760.000000              2              1                    S(0)      587660 1 1 2 2 1 0     5.0    1.0
500 4448.95     1.000E-00 4.980E-07.07970.08612550     0.760.000000              2              1                    S(1)      587660 1 1 2 2 1 0    21.0    9.0
500 4642.04     1.000E-00 5.600E-07.07970.08613150     0.760.000000              2              1                    S(2)      587660 1 1 2 2 1 0     9.0    5.0
500 4822.82     1.000E-00 5.770E-07.07970.08613890     0.760.000000              2              1                    S(3)      587660 1 1 2 2 1 0    33.0   21.0
500 4989.84     1.000E-00 5.570E-07.07970.08614764     0.760.000000              2              1                    S(4)      587660 1 1 2 2 1 0    13.0    9.0
500 5143.73     1.000E-00 5.050E-07.07970.08615763     0.760.000000              2              1                    S(5)      587660 1 1 2 2 1 0    45.0   33.0 
500 3589.11     1.000E-00 1.290E-06.07970.08611635     0.760.000000              2              1                    O(2)      587660 1 1 2 2 1 0     1.0    5.0
500 3362.40     1.000E-00 6.400E-07.07970.08611789     0.760.000000              2              1                    O(3)      587660 1 1 2 2 1 0     9.0   21.0
500 3134.93     1.000E-00 4.410E-07.07970.08612095     0.760.000000              2              1                    O(4)      587660 1 1 2 2 1 0     5.0    9.0
500 2908.75     1.000E-00 3.180E-07.07970.08612550     0.760.000000              2              1                    O(5)      587660 1 1 2 2 1 0    21.0   33.0 
500 2685.6      1.000E-00 2.280E-07.07970.08613150     0.760.000000              2              1                    O(6)      587660 1 1 2 2 1 0     9.0   13.0
500 2466.7      1.000E-00 1.620E-07.07970.08613890     0.760.000000              2              1                    O(7)      587660 1 1 2 2 1 0    33.0   45.0 
500 3997.73     1.000E-00 3.880E-07.07970.08617387     0.760.000000              3              2                    S(0)      587660 1 1 2 2 1 0     5.0    1.0
500 4190.33     1.000E-00 5.140E-07.07970.08617818     0.760.000000              3              2                    S(1)      587660 1 1 2 2 1 0    21.0    9.0
500 4372.49     1.000E-00 5.630E-07.07970.08618386     0.760.000000              3              2                    S(2)      587660 1 1 2 2 1 0     9.0    5.0
500 4542.57     1.000E-00 5.630E-07.07970.08619086     0.760.000000              3              2                    S(3)      587660 1 1 2 2 1 0    33.0   21.0 
500 4699.32     1.000E-00 5.220E-07.07970.08619912     0.760.000000              3              2                    S(4)      587660 1 1 2 2 1 0    13.0    9.0
500 4841.3      1.000E-00 4.500E-07.07970.08620856     0.760.000000              3              2                    S(5)      587660 1 1 2 2 1 0    45.0   33.0
500 4967.7      1.000E-00 3.570E-07.07970.08621911     0.760.000000              3              2                    S(6)      587660 1 1 2 2 1 0    17.0   13.0
500 5078.1      1.000E-00 2.540E-07.07970.08623069     0.760.000000              3              2                    S(7)      587660 1 1 2 2 1 0    57.0   45.0
500 3376.07     1.000E-00 1.410E-06.07970.08616952     0.760.000000              3              2                    O(2)      587660 1 1 2 2 1 0     1.0    5.0
500 3160.81     1.000E-00 6.860E-07.07970.08617098     0.760.000000              3              2                    O(3)      587660 1 1 2 2 1 0     9.0   21.0
500 2944.8      1.000E-00 4.870E-07.07970.08617387     0.760.000000              3              2                    O(4)      587660 1 1 2 2 1 0     5.0    9.0
500 2730.0      1.000E-00 3.520E-07.07970.08617818     0.760.000000              3              2                    O(5)      587660 1 1 2 2 1 0    21.0   33.0 
500 2517.6      1.000E-00 2.530E-07.07970.08618386     0.760.000000              3              2                    O(6)      587660 1 1 2 2 1 0     9.0   13.0